1596
-0.523316 -1.3919 3.15479 
-1.405 -0.960574 2.35429 
-1.45788 -0.937828 2.39681 
-1.43264 -0.954149 2.43449 
-1.38625 -0.785936 2.77861 
-1.41285 -0.764317 2.784 
-0.642492 -0.665549 5.15005 
-1.16347 -0.298474 2.83577 
-1.45158 0.0388264 2.52851 
-1.40269 0.073544 2.51511 
-1.38683 0.12865 2.49154 
-1.38184 0.144803 2.44959 
-1.33824 0.215939 2.41567 
-1.3513 0.185727 2.51143 
-1.42694 0.252392 2.37373 
-1.39783 0.250124 2.44645 
-1.33367 0.263839 2.41131 
-1.32362 0.228206 2.44423 
1.98087 0.541541 2.75097 
-1.04663 0.560085 1.86168 
-1.04826 0.58462 1.91064 
-1.01122 0.636194 1.88791 
-0.747603 1.01163 2.68741 
-0.948337 1.05295 2.67493 
-0.890223 1.04356 2.65055 
-0.0616211 0.826566 1.91941 
-0.121742 0.884377 1.98986 
1.56504 0.711702 2.12812 
1.40194 0.749624 1.98127 
1.43109 0.737378 1.97373 
1.28578 0.795582 1.8238 
0.580449 0.974412 2.1466 
0.623947 0.957489 2.11166 
0.940678 0.867281 1.87256 
1.00188 0.870589 1.87625 
1.04627 0.859561 1.87265 
1.0752 0.848476 1.85321 
1.1157 0.839559 1.83207 
1.15006 0.834247 1.82224 
1.17673 0.828625 1.81161 
1.19384 0.819927 1.78961 
1.21784 0.809971 1.77044 
0.722887 0.971816 2.06654 
0.759037 0.931708 1.98997 
0.782487 0.914733 1.95738 
0.84418 0.898308 1.92326 
0.87332 0.893279 1.91109 
-1.3729 -0.936783 2.95951 
-1.39583 -0.73471 2.62156 
-1.36996 -0.297936 2.68102 
3.06444 -0.25359 4.82377 
-1.36239 0.0922622 2.5276 
-1.29467 0.0830595 2.49527 
-1.31 0.134915 2.51535 
-1.14596 0.967353 2.80188 
-1.1964 0.757294 2.45421 
-0.932588 1.01774 3.0507 
-0.263076 1.1506 2.56808 
-1.14184 0.838758 2.60625 
-1.08996 0.885538 2.87744 
-1.02871 0.937674 2.91446 
-0.990552 0.96027 3.07134 
-0.920459 0.94717 3.00399 
-0.83196 0.897644 2.93614 
-0.77071 0.918329 2.92048 
-0.716373 0.916727 2.9205 
-0.650539 0.898525 2.8635 
-1.18932 0.801226 2.38738 
-1.18613 0.88771 2.64092 
-1.14194 0.847023 2.61336 
-1.10464 0.99148 2.92243 
-1.0323 0.952015 2.90576 
-0.972132 1.0007 3.00146 
-0.769828 0.966901 2.90278 
-0.707828 0.970787 2.91981 
-0.637419 0.955331 2.87166 
-1.1829 0.856639 2.46242 
-1.12014 0.935972 2.61311 
-1.12189 1.00387 2.79851 
-0.777601 1.01138 2.93257 
-1.09938 0.936856 2.52349 
-1.05134 1.04684 2.65064 
-0.981624 1.04645 2.62769 
0.381578 0.99986 2.524 
1.40218 0.758385 1.97999 
0.595145 0.957316 2.35515 
0.644902 0.936547 2.22676 
0.680305 0.922237 2.20629 
0.723205 0.911518 2.17449 
1.32444 0.784199 1.87944 
0.598694 0.964018 2.20378 
0.628028 0.949244 2.16827 
0.655929 0.930579 2.13706 
0.70238 0.929197 2.12081 
0.762459 0.931285 2.12075 
0.801822 0.913683 2.09164 
0.83515 0.905897 2.0804 
0.87075 0.881134 2.05803 
0.885923 0.878882 2.01569 
0.911052 0.866607 1.99686 
0.932896 0.849413 1.9555 
0.959205 0.847348 1.93671 
1.01183 0.840733 1.93945 
1.04914 0.851409 1.94087 
1.08204 0.847197 1.92685 
1.26429 0.800252 1.83924 
0.656455 0.955112 2.10573 
0.690378 0.949221 2.08439 
0.732764 0.960617 2.11088 
0.78622 0.93271 2.0585 
0.813597 0.92106 2.03463 
0.870828 0.896885 1.98774 
0.896059 0.881016 1.95245 
0.917935 0.863779 1.91466 
0.983734 0.850223 1.92065 
3.37798 -0.763019 5.03677 
-1.37144 0.508074 2.47271 
1.11914 0.842961 1.87831 
1.08857 0.843455 1.88288 
0.848239 0.909618 2.01357 
0.765653 0.948635 2.07671 
1.30172 0.785188 1.88258 
0.739689 0.930272 2.11763 
0.617954 0.958495 2.26987 
0.54299 0.977368 2.31871 
0.50002 0.988942 2.32854 
0.247257 1.03308 2.58004 
0.189367 1.09146 2.62959 
0.252504 1.02181 2.80274 
0.111017 1.04147 2.85733 
0.0569007 1.0513 2.85843 
-1.03584 0.948989 2.47518 
-1.11121 0.984462 2.53815 
-1.2034 0.953658 2.50423 
-1.19265 0.892257 2.4412 
-0.201344 1.13002 3.21587 
-1.02147 1.03959 2.99903 
-1.18538 0.888457 2.51206 
-1.18322 0.879677 2.45473 
-1.2134 0.858093 2.40214 
-1.1356 0.912283 2.68898 
-1.1926 0.812191 2.40182 
-0.589848 0.900494 2.85228 
-0.831201 0.970983 2.936 
-1.07779 0.935298 2.92688 
-1.19352 0.771722 2.44939 
-1.20218 0.756319 2.38562 
-0.772884 0.871622 2.93737 
-0.990446 0.955579 3.0816 
1.18136 0.151812 3.2402 
1.48347 0.252994 5.09844 
-1.33583 0.167188 2.54706 
-1.36113 0.137348 2.53219 
-1.53957 -0.0457622 2.73955 
-1.39925 -0.951733 2.87899 
-1.08537 0.665855 2.78205 
1.236 0.812626 1.95082 
0.973147 0.838312 1.99122 
0.896778 0.855025 2.02948 
0.872447 0.871858 2.06691 
1.31962 0.777403 1.9254 
1.30309 0.775555 1.93617 
1.07182 0.815594 2.02125 
0.757731 0.90372 2.24741 
0.64317 0.927991 2.33277 
0.955301 0.818711 2.07928 
0.795175 0.884628 2.26971 
0.612558 0.935179 2.3688 
0.504941 0.982364 2.48072 
0.656246 0.896962 2.36854 
0.611756 0.907576 2.39382 
0.542742 0.928599 2.45131 
0.443323 0.981314 2.5939 
0.154593 1.0364 2.73424 
0.06165 1.05698 2.76582 
1.58368 0.150076 5.05574 
-1.28411 0.540719 2.52266 
-0.915729 0.787084 3.01167 
-0.900882 0.895506 3.02974 
-0.838892 0.872177 2.94837 
-1.09816 0.853253 2.91029 
-1.07385 0.865938 2.98028 
-1.13614 0.722641 2.66197 
0.498388 0.941092 3.70038 
-1.08028 0.733767 2.86383 
-1.21338 0.707403 2.72488 
-0.874598 -0.38252 4.17257 
-1.42971 -0.839117 2.84681 
-1.18372 0.7915 2.58605 
-1.1446 0.919014 2.82107 
1.59037 0.681174 2.19302 
-0.537263 0.943112 2.89486 
0.201436 1.012 3.05713 
1.53279 0.705263 2.13281 
0.374487 0.992143 2.85136 
0.391727 0.983366 2.82532 
1.5094 0.737458 2.10547 
0.449055 0.970406 2.66766 
0.515716 0.948785 2.50535 
0.567542 0.918862 2.5249 
0.597997 0.902577 2.42096 
0.129709 1.06091 2.68946 
0.153472 1.06171 2.70014 
0.435168 1.01813 2.57673 
0.47397 1.01584 2.54342 
0.552435 0.950164 2.41256 
0.585145 0.934607 2.39496 
0.646096 0.922661 2.34734 
0.688281 0.910453 2.33022 
0.725067 0.924383 2.30439 
0.766932 0.900503 2.26224 
0.768025 0.898044 2.25083 
0.816932 0.876679 2.23755 
0.950612 0.821686 2.06845 
1.00437 0.824166 2.02315 
1.33657 0.76349 1.98465 
1.36867 0.7713 1.98905 
0.757025 0.899091 2.18138 
0.810109 0.886001 2.1743 
0.856217 0.862699 2.12037 
0.895498 0.861289 2.11257 
0.912612 0.839982 2.06665 
0.939311 0.836234 2.03245 
0.963757 0.831041 2.0183 
1.00497 0.829817 1.97729 
1.02 0.822959 1.99147 
1.07994 0.819896 1.98345 
1.26266 0.781373 1.89085 
1.3123 0.776009 1.90738 
1.11607 0.831942 1.93337 
1.16371 0.831928 1.90828 
1.20214 0.82043 1.91087 
1.22366 0.821317 1.88098 
1.23451 0.808109 1.85193 
1.68492 0.579464 2.71443 
-1.3113 -0.120203 2.61557 
-1.39725 -0.742059 2.7769 
1.80389 0.648858 2.39582 
1.43936 0.727338 2.07002 
0.908169 0.744251 3.65935 
-1.05717 -0.22656 3.15337 
0.489511 0.929007 3.76307 
-1.10274 0.812522 2.88206 
1.20289 0.829676 1.89663 
1.25843 0.791123 1.87764 
1.24194 0.798785 1.90524 
1.19813 0.817624 1.94092 
1.14501 0.83043 1.92875 
1.08505 0.840162 1.94098 
1.04339 0.831266 1.96248 
1.13313 0.822375 1.98955 
0.815445 0.889026 2.11591 
0.98998 0.819259 2.06362 
0.826183 0.860728 2.13679 
0.72636 0.915278 2.27217 
0.676074 0.927198 2.31456 
0.477772 0.969196 2.54465 
0.401143 0.993276 2.61236 
0.359237 1.01258 2.6599 
0.318167 1.0333 2.71571 
0.107999 1.04787 2.73279 
0.525413 0.924226 2.548 
0.48948 0.941638 2.5949 
0.400381 0.991169 2.72071 
-0.281157 1.13686 3.20129 
-1.02867 0.927535 3.06004 
-1.07279 0.874913 2.97367 
-1.13606 0.731384 2.66427 
-1.06836 0.764863 2.93119 
-1.11961 0.720455 2.81076 
-1.04019 0.723954 2.99899 
-1.08713 0.662455 2.77733 
2.08633 0.545869 2.82007 
-0.865999 -0.415092 4.19178 
-1.34397 -0.250951 2.6602 
-1.38631 -0.490698 3.00657 
-1.46206 -0.45684 3.086 
-1.13739 0.780381 2.62923 
-1.06016 -0.143427 3.16785 
1.69975 0.660445 2.27276 
1.11986 0.818919 1.98911 
1.66187 0.665805 2.27594 
-1.14926 0.751824 2.6204 
-1.15816 0.700652 2.70036 
-1.0428 -0.15164 3.14128 
-1.39078 -0.509695 3.00837 
-0.919709 -0.51236 4.05677 
-0.568362 0.265977 2.54702 
2.11355 0.55407 2.79116 
-1.0887 0.65868 2.78797 
-1.07077 0.717358 2.95612 
-0.95862 0.723795 2.982 
-0.904842 0.722037 2.95978 
-0.78092 0.725377 2.96329 
-1.09936 0.773861 2.83797 
-1.04929 0.835467 3.07298 
-0.840557 0.776576 2.96373 
-1.15857 0.814021 2.82387 
-1.06787 0.864643 2.96768 
-1.00292 0.899625 3.11639 
-0.983339 0.894836 3.11344 
-0.719432 1.02327 2.91305 
0.480476 0.975131 2.565 
0.195173 1.04367 2.62868 
1.86143 0.598681 2.57003 
0.856314 0.783538 3.42782 
1.14617 0.826353 2.03848 
1.38618 0.780562 2.10665 
1.28052 0.772028 2.06223 
1.4498 0.758505 2.12361 
1.43205 0.769791 2.15716 
1.40658 0.771781 2.17296 
1.33731 0.767717 2.12668 
1.46127 0.72488 2.13939 
1.45171 0.735291 2.17431 
1.4411 0.747313 2.21058 
1.38261 0.761121 2.19086 
1.37884 0.748973 2.2347 
1.04397 0.813208 2.3642 
1.73053 0.684811 2.36564 
1.70825 0.698792 2.39073 
1.57933 0.693381 2.38772 
1.49805 0.700589 2.45959 
1.677 0.648395 2.4967 
0.0721918 1.00827 3.72458 
1.84308 0.612527 2.54808 
1.94503 0.588873 2.60526 
1.78274 0.614379 2.65716 
2.06666 0.57988 2.7463 
1.55804 0.644252 3.05219 
1.27635 0.770042 2.00358 
0.866272 0.856324 2.25602 
1.339 0.768144 2.18506 
0.370109 0.995584 2.74193 
1.40511 0.736999 2.21637 
1.47259 0.709646 2.24679 
1.78918 0.669089 2.4266 
1.70097 0.678327 2.43326 
1.38237 0.702138 2.48528 
1.34893 0.707778 2.5052 
1.60947 0.65526 2.52762 
1.23992 0.716398 2.71409 
1.7001 0.627705 2.5879 
1.96538 0.573924 2.74373 
1.88423 0.583904 2.70486 
1.75515 0.595795 2.6662 
-1.0796 0.680415 2.97536 
2.04774 0.547776 3.14791 
2.33209 0.523116 3.28122 
2.21794 0.505202 3.21569 
1.83984 0.616236 2.44753 
1.51261 0.473008 3.2833 
1.93216 0.582867 2.58272 
-0.487819 0.89397 2.89646 
-0.710185 0.86839 2.93871 
1.0834 0.693144 4.8531 
-0.676566 0.753066 2.92547 
2.31395 0.504239 3.17959 
-1.35008 -0.732649 2.83015 
1.25012 0.796131 2.07426 
1.33264 0.766807 2.09552 
1.31721 0.769424 2.21067 
-1.26895 0.662038 2.82851 
1.35841 0.752466 2.15774 
1.38639 0.753131 2.13242 
1.35589 0.762902 2.06961 
1.37433 0.758895 2.05586 
1.38788 0.756121 2.04706 
1.2465 0.798439 2.10537 
1.39132 0.758076 2.04874 
1.35825 0.765709 2.07513 
1.50085 0.689843 2.29481 
1.85449 0.590611 2.45948 
0.81907 0.777875 3.10144 
2.14432 0.502848 3.204 
1.83264 0.539551 3.02358 
1.62422 0.599382 2.8737 
1.93999 0.566353 2.74768 
-1.08784 0.646544 2.91663 
-1.05123 0.682583 3.02452 
-0.97589 0.663933 2.97501 
1.69618 0.607308 2.64314 
1.78946 0.604523 2.6084 
1.81192 0.595077 2.57327 
1.66363 0.631767 2.60401 
1.69599 0.638106 2.55374 
1.72859 0.634441 2.53174 
1.76843 0.628476 2.52094 
1.55339 0.684358 2.49378 
1.6026 0.666375 2.42289 
1.65634 0.671339 2.43328 
1.77129 0.667503 2.50405 
1.27381 0.775613 1.95209 
1.25781 0.804365 2.01897 
1.11275 0.817073 2.02918 
1.29795 0.75811 1.9786 
1.49782 0.704764 2.13444 
1.59229 0.642478 2.99074 
1.61916 0.62642 2.97245 
0.130747 1.00968 3.20278 
-1.1226 -0.074633 3.25667 
1.56073 0.638112 2.97891 
-0.746099 -0.0243618 2.94516 
1.45993 0.69867 2.46455 
1.74087 0.660132 2.48605 
1.63046 0.645114 2.49457 
1.78447 0.605602 2.52886 
1.31749 0.702272 2.82012 
1.49281 0.660693 2.83615 
2.0355 0.577883 2.76701 
-1.07357 0.663538 2.99524 
2.10317 0.496847 3.20972 
2.27984 0.455047 3.28079 
1.45381 0.714071 2.41534 
1.47562 0.706003 2.38301 
1.58331 0.685847 2.34768 
1.61723 0.68934 2.33458 
1.32277 0.74203 2.3532 
1.3837 0.730533 2.31509 
1.47814 0.693762 2.20361 
1.51797 0.690857 2.20679 
1.55814 0.683358 2.20246 
1.32929 0.758177 2.28291 
1.35976 0.75452 2.26621 
1.37678 0.740533 2.23049 
1.44513 0.734667 2.21353 
1.44469 0.715964 2.16102 
0.70998 0.875137 2.42734 
1.26361 0.778637 2.19537 
1.32875 0.773454 2.21622 
0.699505 0.891184 2.36457 
0.738084 0.889689 2.35614 
0.775809 0.887934 2.34542 
0.80332 0.87271 2.30757 
0.839383 0.860699 2.28088 
1.28138 0.775568 2.09832 
1.05234 0.816395 2.05901 
1.09931 0.803958 2.06881 
1.22123 0.818895 2.08633 
1.24714 0.799136 2.04894 
1.25751 0.790414 2.03369 
1.28515 0.762688 1.99015 
1.18249 0.823575 2.01522 
1.21514 0.820493 2.0036 
1.25596 0.803705 1.97808 
1.2514 0.788676 1.9278 
1.75183 0.675707 2.43519 
1.83259 0.641475 2.48837 
1.79723 0.640789 2.49976 
2.34062 0.449723 3.20485 
1.40244 0.735942 2.08512 
1.62099 0.679282 2.28289 
1.14673 0.717855 3.4778 
-1.31774 -0.0792508 2.88652 
1.84845 0.583296 2.7205 
1.56504 0.666827 2.43051 
1.1476 0.749019 2.77634 
1.65948 0.646607 2.45482 
1.17909 0.020245 3.16493 
2.01926 -0.728198 2.77212 
1.50651 0.692397 2.35932 
1.19927 0.0224797 3.21638 
2.25751 0.421139 3.03313 
2.02054 -0.758389 2.72416 
-0.202126 1.07702 3.25921 
1.19068 0.829695 2.10067 
1.29309 0.79446 2.17155 
-1.10303 -0.355307 3.19804 
-1.20808 0.646432 2.91182 
1.21822 0.812238 2.14836 
-1.15327 -0.0470644 3.27956 
1.49236 0.67069 2.86637 
1.25606 0.695616 2.79593 
-0.782385 0.846969 2.9654 
1.25875 0.812261 2.14115 
1.36126 0.655831 3.11139 
-1.1491 -1.29059 3.73596 
0.124926 1.01063 3.05282 
1.19633 0.380704 3.13636 
-0.679058 0.599567 2.97712 
-0.201022 0.50733 4.28897 
1.04524 0.790669 2.94467 
1.24549 0.792371 2.17168 
1.22112 0.796235 2.18091 
-1.23626 0.691241 2.8951 
-0.914209 -0.752907 4.01955 
-1.18641 -0.0143026 3.25497 
1.52647 0.0140212 3.13878 
1.02642 0.797437 2.95704 
-0.473329 0.585046 3.00849 
0.662771 0.906108 2.94917 
-0.879517 0.830297 2.97976 
1.08892 0.78802 2.92147 
1.41272 0.712956 2.28178 
0.0669443 1.02645 3.09337 
0.978475 0.81115 2.40274 
0.74851 0.869789 2.41216 
0.890557 0.857442 2.39958 
1.12652 0.80253 2.29027 
1.22916 0.790177 2.19155 
0.914346 0.862936 2.28014 
1.2352 0.793722 2.16123 
1.16435 0.82046 2.10692 
-0.395081 0.642897 2.98208 
-0.407806 0.947697 3.01955 
-0.423389 0.94064 3.00681 
-0.536764 0.58263 2.92966 
-1.20844 0.27993 3.08402 
2.08978 0.523578 3.22523 
1.20101 0.835726 2.1156 
0.998082 0.859045 2.22329 
1.22796 0.81568 2.1518 
1.3075 0.803261 2.19349 
1.30262 0.758787 2.29704 
1.47832 0.677975 2.89904 
1.16734 0.686659 4.83126 
1.23286 0.810654 2.13916 
1.45428 0.719345 2.28174 
1.0487 0.788796 2.94307 
-0.82089 0.823338 2.9432 
-1.13605 -0.0165905 3.25007 
1.22399 0.692505 3.86145 
-1.24974 0.6477 2.86083 
-0.252013 1.07453 3.20632 
-0.640317 0.838551 2.88337 
-0.672866 0.691485 2.93959 
-0.245962 1.08012 3.20325 
-0.673259 0.696452 2.94557 
1.20548 0.709817 2.728 
1.14344 0.717399 3.85869 
1.52282 0.511849 3.17973 
0.745005 0.869591 3.02923 
0.759597 0.881798 2.55981 
0.19621 1.03627 2.98295 
-0.542243 0.26914 2.80386 
-1.21292 -0.570859 2.98404 
-0.278336 0.767293 3.68512 
1.03254 0.82874 2.17349 
1.00499 0.823077 2.23365 
0.988018 0.835548 2.26871 
0.0359068 1.03121 3.0606 
0.897949 0.838193 2.47663 
0.843154 0.850462 2.52643 
1.00164 0.8233 2.64443 
0.978432 0.803222 2.72188 
0.533995 0.923658 3.1929 
0.491529 0.939027 3.24389 
1.15109 0.789446 2.83589 
1.05956 0.784965 2.87142 
0.750548 0.864587 3.15065 
-0.269154 0.838105 3.26108 
-0.499955 0.731174 3.03012 
-0.79881 0.679877 2.96196 
-1.24542 0.552637 2.64416 
1.19585 0.776693 2.92598 
-0.270886 0.803108 3.40973 
-0.547427 0.688652 3.0055 
-0.922474 0.619546 2.94448 
-1.13281 0.602219 2.9373 
-0.550325 0.275853 2.7956 
-0.712886 0.0665769 2.54837 
-1.19819 -0.012432 3.00146 
-0.574931 -0.0577536 2.87301 
1.60576 -0.0642478 3.44447 
1.10375 0.773906 2.57644 
0.93355 0.804274 2.75116 
1.27796 0.723258 2.69881 
1.45142 0.691361 2.94897 
1.53877 0.175831 3.08389 
-1.22174 -0.60143 2.98122 
1.14918 0.775927 2.57792 
0.75616 0.874127 2.83737 
1.14707 0.778298 2.57339 
0.783178 0.864836 2.65523 
0.807918 0.863505 2.55369 
0.865988 0.85025 2.59385 
0.908961 0.841319 2.57408 
0.922412 0.831289 2.49176 
1.03498 0.79772 2.46955 
1.10527 0.797166 2.41334 
0.782833 0.848222 2.38173 
0.853071 0.853145 2.45604 
1.01569 0.824937 2.30939 
1.18877 0.789233 2.26539 
0.953245 0.858014 2.27844 
0.980039 0.858934 2.25505 
1.01752 0.819761 2.20114 
1.04408 0.809654 2.21753 
1.13313 0.824339 2.19413 
1.14608 0.801327 2.13669 
-0.266386 0.949789 3.05151 
-1.23552 0.514154 2.65292 
-0.267591 0.924914 3.02631 
-0.738642 0.00678337 2.55168 
-0.70418 0.026807 2.5296 
-1.29608 0.553306 2.69678 
-0.632807 0.551378 3.03883 
-0.730659 -0.00130284 2.51758 
1.12203 -0.018421 3.12531 
-0.566853 -0.0546297 2.8459 
-0.51132 -0.706335 5.47245 
1.65973 -0.704293 2.93644 
-1.2739 -1.06217 3.24326 
1.64763 -0.695294 2.95689 
1.71172 -0.695006 2.97887 
1.17447 0.797873 2.19236 
0.642245 0.898039 2.4895 
1.22215 0.776943 2.37799 
1.29771 0.734799 2.44079 
1.12218 0.804502 2.53827 
1.01207 0.776796 2.4964 
0.884807 0.838909 2.63273 
0.843913 0.845508 2.66436 
0.672464 0.88555 2.78361 
0.613594 0.887791 2.80694 
0.594702 0.889504 2.81579 
1.37316 0.731967 2.42533 
0.822132 0.838252 2.76999 
1.52462 0.691666 2.66107 
2.05008 0.493077 3.24493 
3.17242 -0.85632 4.87346 
0.639234 0.907253 2.77723 
-0.148312 1.07686 3.23245 
1.41626 0.723954 2.42253 
1.28776 0.743936 2.48285 
1.25303 0.744364 2.49934 
1.21027 0.741979 2.50513 
0.7914 0.841982 2.79156 
0.558264 0.899473 2.8735 
1.10777 0.76524 2.68632 
1.59336 0.667182 2.57134 
0.718956 0.854865 3.16302 
1.0586 0.820786 3.27753 
1.67714 0.608822 2.78695 
1.53875 0.642962 2.81795 
1.27614 0.607468 3.05972 
2.11565 0.549976 3.16538 
2.32764 0.460913 3.26985 
1.63345 0.0669579 3.10741 
0.86562 0.819392 2.83705 
0.915315 0.7852 3.41198 
-1.20767 -0.339437 2.89346 
-0.718333 0.691442 2.91933 
3.01441 -0.180989 4.72655 
-0.753381 0.296834 2.77516 
0.452336 0.923123 3.04186 
3.17153 -0.870952 4.88254 
1.27848 0.759693 2.41996 
0.768046 0.847131 2.66827 
0.642967 0.883307 3.11059 
0.591609 0.899261 3.1774 
1.49854 0.698195 2.57678 
-1.35224 -0.305131 2.98256 
1.7118 0.572769 3.00523 
1.67694 0.592326 2.86544 
-0.844492 0.683718 2.95143 
1.57352 0.633354 2.78894 
1.63248 0.626751 2.79766 
1.64548 0.637894 2.72099 
1.67142 0.62036 2.68103 
-0.843131 0.688037 2.95021 
1.41655 0.685905 2.71987 
1.46714 0.67807 2.71563 
1.5089 0.675049 2.69128 
1.5964 0.658196 2.72347 
1.59479 0.663272 2.63828 
0.809707 0.822628 3.04518 
1.35334 0.715155 2.68489 
1.39817 0.706266 2.65791 
1.43903 0.704882 2.64448 
0.911666 0.789546 2.81666 
1.08294 0.789972 2.7664 
-1.14724 0.564661 2.84319 
1.45108 0.682242 3.06383 
1.50723 0.691137 2.5735 
0.618301 0.920815 2.55024 
0.689055 0.90867 2.62086 
-1.35767 0.0147601 2.82482 
1.50846 0.183714 3.1207 
0.297027 0.999568 3.02107 
1.06022 0.78469 2.50078 
0.882244 0.831743 2.73172 
1.46751 0.701694 2.6125 
1.19337 0.74121 2.98501 
0.851671 0.791848 3.41766 
1.65691 0.540601 2.99855 
1.11384 0.758025 2.66226 
1.25062 0.729454 2.58562 
1.29446 0.729334 2.57448 
1.32548 0.721098 2.53717 
1.31506 0.721004 2.42366 
1.3608 0.726393 2.42621 
1.43771 0.705838 2.49276 
0.834227 0.841087 2.73321 
0.903195 0.82404 2.70309 
1.07735 0.770936 2.53899 
1.21962 0.766043 2.44983 
1.2699 0.764872 2.43416 
1.2892 0.747087 2.38148 
1.36043 0.741023 2.34633 
1.12523 0.777214 2.34198 
1.17462 0.780539 2.34981 
1.2235 0.766475 2.3263 
1.23714 0.752806 2.28256 
1.20032 0.779682 2.22216 
0.660322 0.881359 2.44456 
1.33429 0.714587 2.7628 
0.86535 0.813305 3.07249 
0.99021 0.746579 3.43094 
0.937702 0.723898 3.64928 
-1.30074 -0.323417 2.81927 
1.39169 0.695238 2.95187 
0.903305 0.780335 3.13713 
0.871437 0.822851 3.06678 
-0.520531 0.137163 2.91825 
0.973767 0.742202 3.56292 
2.28876 0.3986 3.29472 
-1.41698 0.43624 2.72209 
-0.522649 0.559735 3.13207 
-1.04917 0.7991 3.06728 
0.384032 0.968796 2.92283 
0.472406 0.946158 2.73992 
0.516813 0.940909 2.71872 
0.27128 0.930225 3.5713 
1.7108 0.583509 2.75424 
2.29708 0.389742 3.22341 
3.04942 -0.361581 4.83927 
0.562334 0.939509 2.7064 
0.434113 0.96548 2.77543 
0.337459 0.973293 2.93257 
1.21267 0.324704 3.20121 
3.07203 -0.379165 4.86847 
-1.04563 0.827984 3.08093 
-1.39971 -0.93971 2.98673 
-0.0513042 0.991758 3.10746 
-0.736273 0.629536 2.88203 
2.17668 0.456458 3.32115 
1.1425 0.086686 3.16636 
2.1813 0.457077 3.30738 
-1.25122 -0.597341 2.84965 
-1.0884 -0.279404 3.02869 
1.03712 0.815612 2.17618 
1.16428 0.811324 2.23415 
1.15731 0.806449 2.2743 
1.09218 0.801311 2.21784 
0.956736 0.84309 2.29572 
1.25486 0.770528 2.23926 
1.16165 0.790938 2.28767 
0.240269 1.02525 2.94887 
1.07777 0.8124 2.46757 
0.743739 0.888243 2.65162 
0.02724 1.01685 3.08315 
1.01755 0.809172 2.59507 
0.947587 0.822487 2.65226 
0.465171 0.943743 2.9996 
-0.458085 0.891268 3.00283 
1.16257 0.783923 2.96258 
-0.469072 0.774719 3.05124 
-0.534385 0.708077 2.9987 
-0.822542 0.628073 2.93869 
-1.459 -0.544692 2.98613 
1.09828 0.813306 2.20222 
0.894268 0.843119 2.32856 
0.834049 0.856861 2.37324 
1.02833 0.803894 2.41127 
1.00967 0.80234 2.49415 
0.983134 0.821728 2.53025 
0.956204 0.825223 2.57408 
0.833207 0.857811 2.63957 
0.728325 0.888675 2.72718 
0.695105 0.903321 2.78987 
1.17457 0.756933 2.49847 
1.05731 0.804679 2.68297 
1.02173 0.815887 2.72296 
1.56209 0.677018 2.67049 
1.411 0.694118 2.79538 
1.1574 0.755122 3.04478 
-0.580012 0.714219 3.00025 
-0.743726 0.648165 2.94332 
-0.781475 0.595245 2.95229 
-1.01209 0.622566 2.97582 
1.50057 -0.628918 3.04187 
1.59622 0.317656 3.09623 
0.829962 0.827817 2.87898 
1.09221 0.761827 3.03571 
1.29385 0.67946 2.91395 
1.05868 -0.214865 3.14433 
1.54988 0.392481 3.20542 
-0.555488 0.752177 2.97083 
-0.605134 0.714662 2.98246 
1.62175 0.00657991 3.03138 
-0.671359 0.130217 2.77842 
-0.843048 -0.835955 4.57484 
1.05763 -0.240522 3.13523 
-0.431847 0.777502 3.03693 
-0.450957 0.725013 3.03882 
1.55205 -0.210314 2.97382 
1.33515 0.152757 3.41006 
1.37196 0.0766266 3.27304 
-0.39578 0.464722 3.73639 
-1.61799 -1.71298 3.45908 
0.718452 0.878228 2.87622 
1.13496 0.801805 2.12132 
0.919061 0.840813 2.30777 
1.14916 0.8056 2.52555 
0.7139 0.900263 2.79871 
1.28774 0.725874 2.6973 
0.663098 0.864488 3.20987 
1.65469 -0.710696 2.97659 
1.62872 -0.726916 3.02813 
1.07755 -0.217023 3.15819 
-1.07384 0.612704 2.9958 
-0.959155 0.60352 2.9249 
-0.828502 0.620034 2.94778 
-0.886029 0.663113 2.95162 
-0.80432 0.668687 2.94998 
-0.380928 0.730402 3.02685 
1.13711 0.757884 3.04271 
0.207213 0.966931 3.64738 
1.1939 0.730106 2.7695 
1.21347 0.731162 2.60674 
0.999854 0.800118 2.81866 
1.06118 0.804187 2.81969 
1.06635 0.831345 2.1787 
1.25899 -0.275299 3.21058 
-0.762632 0.787583 2.92671 
-0.208701 0.820143 3.43024 
0.269717 1.00129 2.89456 
-0.729154 0.761369 2.89408 
-1.20426 0.539224 2.67909 
-0.719006 0.81647 2.92472 
0.82751 0.843538 3.57329 
1.59783 0.0788277 3.17309 
-1.24144 0.0861768 3.07212 
1.50544 -0.502047 2.95044 
0.413057 0.897919 4.05322 
0.882273 0.767675 3.71233 
1.25787 -0.260128 3.19357 
1.56657 0.0815888 3.18417 
-0.762015 0.767364 2.93983 
-0.75004 0.763782 2.92815 
-0.440544 0.883738 3.016 
-0.639258 0.807637 2.86637 
1.30806 0.679595 2.91368 
-0.606458 -1.29831 3.06089 
3.07769 -0.264527 4.72195 
-0.540153 0.114967 2.82973 
1.24392 0.361061 2.99884 
1.27481 0.422404 3.07117 
-0.81815 0.489465 2.93777 
1.22068 0.543152 3.07526 
0.692372 0.86624 3.04774 
-1.16503 -1.08072 3.51419 
-1.18585 -1.00053 3.35937 
0.923423 0.812219 2.38553 
-0.119974 0.732116 3.28994 
-0.369749 0.514171 2.92712 
1.21218 0.275224 3.22693 
-1.17455 -0.361283 2.91512 
1.54885 -0.688204 3.00926 
0.13683 1.01784 3.37181 
-0.593811 0.520465 3.06737 
-1.15732 -0.513552 3.11103 
1.53957 -0.584723 3.10171 
-1.2472 -1.17415 3.37227 
-0.0891026 0.758332 3.30051 
-1.13083 -0.494107 3.30402 
-1.18848 -0.52216 2.97318 
-1.19189 -0.46112 2.86342 
-1.40565 -0.587502 3.01045 
-1.34371 -0.644331 2.93586 
-1.41863 -0.630389 2.99354 
-1.20566 -0.548485 2.89894 
-1.17881 -0.566246 3.07833 
-1.19288 -0.463262 2.8573 
-1.1385 -0.513703 3.2955 
-1.17111 -0.373593 2.93648 
1.37135 0.591804 3.11974 
-1.17791 -0.521528 3.02847 
-1.39253 -0.601224 3.01274 
-1.05314 0.194593 3.02564 
-1.09697 0.317466 3.00287 
-1.04469 0.324774 3.00571 
-1.01782 0.381443 2.99807 
-1.02216 0.429107 2.99264 
-0.97807 0.426841 3.00202 
0.288743 0.998791 3.19331 
0.126196 1.02248 3.7002 
1.2252 0.296226 3.26375 
-1.1137 0.255751 3.07303 
-1.38044 -0.578518 2.99294 
-0.75787 -0.409267 4.66801 
0.537314 0.892342 2.97981 
0.219216 1.02382 3.34848 
-0.0323866 0.734199 3.25717 
-0.95096 0.562248 2.91655 
-1.08189 0.549157 3.00568 
-0.351431 0.559731 2.91454 
-0.809823 0.513687 2.91176 
-0.916293 0.523285 2.95288 
-0.997809 0.508581 2.94653 
-1.17535 0.474144 2.8975 
-1.26437 0.46277 2.72725 
-0.920108 0.48016 2.96699 
-1.12675 0.476923 2.98725 
-1.19406 0.428108 2.82386 
1.6351 0.664616 3.22469 
1.18908 0.597926 3.09479 
-0.378098 0.471989 2.91417 
-0.273267 0.592324 3.69949 
-1.05718 0.372051 2.97345 
-1.1526 0.308152 2.96238 
-1.12182 0.276411 3.00293 
1.64397 0.386443 2.94311 
1.55184 0.404584 3.15506 
1.62513 0.344593 3.07372 
1.51896 0.351978 3.13199 
-0.321997 0.325647 4.21207 
-0.462783 0.211797 2.9146 
-1.24498 0.148577 2.82254 
-1.35234 0.118647 2.80369 
1.53862 0.283353 3.00885 
-1.22846 0.120624 2.9832 
-1.29022 0.089493 2.87935 
-1.15936 -0.115122 3.00682 
-0.0410798 0.813502 3.33487 
-1.13509 -0.230493 2.97297 
-0.319447 0.70076 2.95587 
-0.350856 0.572037 2.92278 
1.59074 0.529324 3.09211 
1.52412 0.584301 3.20975 
1.44387 0.563847 3.15355 
1.36465 0.543372 3.09789 
-1.11598 0.54197 2.94155 
1.21785 0.420389 3.06153 
-1.18953 0.400566 2.81354 
1.66148 0.354873 3.01394 
-0.411406 0.375821 2.91281 
-0.513184 0.236777 2.99099 
-1.09764 -0.137859 3.03462 
-1.16822 -0.133441 3.02352 
-1.23254 -0.377642 2.86163 
-1.10159 -0.499976 3.41159 
-1.17638 -0.43872 2.99536 
-1.10024 -0.683912 3.45099 
-1.11509 -0.723547 3.47071 
-1.05741 -0.864663 3.70595 
-1.07297 -0.805241 3.56987 
-1.16291 -0.772069 3.36699 
-1.18257 -0.815772 3.33421 
-1.17524 -0.881048 3.39408 
-1.29941 -0.78218 3.00918 
-1.31577 -0.828066 3.03844 
1.15561 0.73026 2.57927 
-1.11132 -0.252006 2.94369 
0.923566 0.806804 2.30738 
-1.13718 -1.16597 3.74771 
-1.14529 -0.922377 3.53962 
-1.1552 -0.588828 3.14717 
-1.15543 -0.612387 3.27442 
-1.01437 -0.543741 3.63452 
-1.07108 -0.244191 3.05018 
-0.647779 0.151654 2.76296 
-1.22269 0.461404 2.74346 
-1.49464 -0.660659 3.04128 
-1.15554 -0.849147 3.45746 
-1.26369 -0.982126 3.16743 
-0.741447 -1.71921 2.88363 
-0.785816 -1.67094 2.81179 
-0.155426 0.75705 3.3331 
-0.61442 -0.0157307 2.83124 
-1.26434 -1.02686 3.1764 
-0.461146 0.417271 2.97048 
1.42268 0.319209 3.05521 
-0.523474 -1.86656 2.99393 
-1.22256 -0.215233 3.05293 
-0.164132 0.798893 3.35381 
-0.398674 0.582169 2.94636 
-1.27883 -1.02311 3.10074 
-1.09409 -0.561081 3.44726 
-0.43406 -1.49448 2.98279 
-0.684952 -1.72017 2.80976 
0.796436 0.831396 2.42526 
1.63205 0.172395 2.91896 
-1.23118 -0.0666292 3.06748 
-0.386642 0.412385 3.81163 
-0.539589 -0.0994382 2.92962 
1.94339 -0.748031 2.84067 
-1.26132 0.14941 2.84269 
1.5378 -0.0707078 2.92766 
1.52376 -0.0835433 2.9033 
-0.437452 0.400378 3.74019 
-0.367866 0.504677 3.6575 
1.17542 0.424786 3.07599 
1.08352 0.776548 3.32271 
1.06183 0.789504 2.31566 
0.573426 0.915684 2.75778 
0.314001 0.968599 3.05854 
-0.280581 0.816453 2.94909 
-1.32668 -0.413935 2.94345 
-0.589399 -1.01288 5.49744 
3.10335 -0.233429 4.6269 
-0.816595 -0.933857 4.72845 
-1.02885 -1.19717 3.64349 
-0.847115 -0.991752 4.55332 
0.793536 0.836728 2.47243 
0.612155 0.926201 2.67952 
0.477235 0.943357 2.86287 
0.432605 0.95937 2.89697 
1.64115 0.612202 3.07696 
1.17541 0.209799 3.19333 
-1.15663 -0.60379 3.28871 
-1.35408 -0.748945 2.97081 
1.18641 0.482649 3.08136 
0.393247 0.893289 3.04442 
-0.536796 -0.0107781 2.87769 
1.2257 0.667238 2.93902 
1.11379 0.758622 3.2729 
-0.535812 -1.43353 2.97838 
-1.1642 -1.17702 3.6415 
0.23108 0.871428 3.78943 
-0.537559 -1.39616 2.9339 
0.481854 0.846012 3.9768 
-1.02176 0.194369 2.94436 
-0.664964 -0.0488234 2.84534 
0.201705 0.963328 3.46714 
-1.2121 -0.17189 2.90573 
-0.596121 -0.789167 5.2628 
-1.33288 -0.699966 2.92548 
1.61784 0.126455 2.91035 
-1.32459 -0.756484 2.99314 
0.339162 0.90675 3.03495 
1.33671 0.658457 3.00655 
-0.528808 0.206855 2.85787 
-1.30588 0.168461 2.79374 
-1.31755 -0.392447 2.926 
-1.20432 -0.83228 3.27994 
-1.45982 -0.493193 3.00367 
-1.45878 -0.490602 3.00484 
3.02605 -0.183487 4.7016 
-0.493382 -1.41336 2.95504 
1.20218 0.699467 2.87126 
0.633378 0.920698 2.66003 
0.284598 0.97069 3.29746 
-1.46482 -0.485204 3.02064 
0.42657 0.937196 3.60559 
0.885466 0.820505 2.34667 
0.634099 0.898034 2.71349 
0.752656 0.845301 2.96154 
-1.27654 0.107873 2.88949 
0.742025 0.849233 2.68938 
1.1393 0.728887 2.62668 
0.0937908 0.936111 3.67902 
1.07284 0.781887 3.30456 
1.67585 0.595682 3.03746 
-1.04505 -0.224153 3.05005 
-1.14847 -0.550313 3.22163 
-1.15582 -0.60469 3.28013 
-1.37284 -0.804643 2.83067 
0.258458 1.00105 3.19684 
0.330381 0.955462 3.03214 
0.392808 0.925659 2.98911 
1.138 0.751354 2.39764 
-1.09084 -1.13089 3.84548 
-1.1606 0.547963 2.90201 
-0.259622 0.691714 3.60988 
0.146257 0.995214 3.44684 
0.18302 0.98931 3.4151 
-0.28127 0.338538 4.25336 
1.40719 0.267911 2.96972 
-1.1451 -1.11327 3.64665 
-0.81455 0.482717 2.9001 
-0.351833 0.262113 4.27522 
1.54374 -0.625485 2.92623 
1.57713 -0.703657 2.87489 
-0.757684 -0.774984 4.77219 
0.228836 0.969364 3.32352 
-1.42902 -1.31557 3.28945 
-1.34526 0.23002 2.67592 
-1.27957 0.189675 2.90934 
-1.30053 0.187428 2.65634 
-0.698594 -0.335982 4.74827 
0.241442 1.00215 3.03609 
-1.34538 0.228372 2.66823 
1.41903 -0.335908 3.10772 
1.47214 -0.602219 2.91124 
-0.70343 -0.784364 4.94143 
-0.778712 -0.695078 4.76688 
-0.715406 -0.682399 4.8805 
-0.0268357 0.886041 3.38001 
-1.32671 0.0683581 2.69253 
-1.36688 -0.826264 2.8242 
-1.30847 0.131531 2.62731 
1.6367 0.582938 3.05046 
-0.0310648 0.913003 3.30675 
0.137999 0.862585 3.69732 
0.864767 0.844421 2.4202 
0.907581 0.823371 2.41846 
-0.166602 1.07648 3.49458 
1.00819 0.785528 2.42882 
0.31295 0.975819 3.20665 
-1.11831 0.579211 2.93482 
-1.2107 0.562307 2.85502 
-0.868386 0.555932 2.91552 
0.00781958 0.75348 3.28416 
-0.336806 0.606058 2.91509 
-0.348955 0.574209 2.90915 
-1.20044 0.448674 2.80953 
-1.24142 0.427153 2.72133 
-0.58277 0.530188 3.02862 
-0.681424 0.548399 3.05135 
-1.19479 0.402122 2.7227 
-1.26611 0.392171 2.75317 
-0.275829 0.687777 3.62911 
-0.320516 0.570182 3.60586 
-1.06527 0.325129 2.96783 
1.51494 0.64747 3.18529 
-0.957737 0.285348 2.9152 
-1.06389 0.290088 3.0022 
-0.571414 0.188085 2.41858 
1.45365 0.513607 3.14793 
-0.594055 0.160207 2.4192 
-0.622362 0.137135 2.44233 
-0.982019 0.168661 2.94149 
-1.31642 0.128946 2.8887 
1.61361 0.460964 3.09808 
1.5688 0.456888 3.11581 
1.50224 0.485966 3.10955 
-0.516037 0.179146 2.87608 
-0.532608 0.160442 2.80219 
-0.609223 0.147154 2.75975 
-0.639054 0.129846 2.4721 
-0.916826 0.152098 2.90962 
-0.658251 0.107066 2.78319 
1.18499 0.320016 3.00626 
-0.583761 0.0929618 2.78869 
1.54366 0.221583 2.93857 
-1.1411 -0.0969478 3.04174 
-0.491748 -0.0920174 2.92537 
-1.16301 -0.188496 2.99574 
1.51681 -0.0826426 3.40533 
-1.15952 -0.31136 2.93343 
-1.1259 -0.344078 3.02674 
-1.25401 -0.375289 2.90347 
-1.13556 -0.421268 3.15268 
-1.01018 -0.472529 3.49296 
-1.17655 -0.476417 2.90425 
1.52189 -0.255836 2.97323 
-0.963596 -0.570392 3.83335 
-1.01738 -0.548725 3.56642 
-1.11053 -0.550151 3.36794 
-1.24532 -0.521829 2.8618 
-1.01099 -0.668712 3.71171 
-1.01337 -0.738197 3.7416 
-1.136 -0.670174 3.35016 
-1.06463 -0.752927 3.53307 
-1.10131 -0.799803 3.52942 
-1.13675 -0.794763 3.45738 
-1.04023 -0.90608 3.78815 
-1.09264 -0.874197 3.58866 
-1.18704 -0.887315 3.31765 
-1.17661 -0.841026 3.15837 
-1.35636 -0.820507 3.00545 
-1.37877 -0.807681 2.95423 
-1.19737 -0.945087 3.31575 
-1.36103 -0.846129 2.91533 
-1.24891 -0.982509 3.2331 
-1.22983 -1.0868 3.41365 
-1.22374 -1.13059 3.41075 
1.37811 0.468045 3.15924 
-1.0578 -0.866424 3.70356 
1.06673 0.772473 2.59564 
0.763183 0.849633 2.87703 
1.07203 0.78257 3.13032 
-0.10415 0.804513 3.33883 
-0.331992 0.647304 2.94025 
-1.07457 -0.490414 3.48337 
1.27759 0.65469 3.06036 
-1.13972 -0.487192 3.18142 
-1.00129 -0.602133 3.69361 
1.48602 0.478615 3.22566 
-1.02821 0.459026 2.95651 
-0.903021 0.374728 2.90413 
-1.10162 0.406128 2.95393 
-0.428674 0.311261 2.90201 
-1.10352 0.315002 2.94669 
1.09979 0.0342242 3.11049 
-1.03919 -0.661135 3.62013 
-1.0955 -0.150205 3.01958 
1.47155 -0.438485 2.91043 
-1.18694 -0.400594 2.84617 
-0.799903 -0.759356 4.61368 
-1.18824 -0.496046 2.90123 
-1.21944 -0.539403 2.85395 
-1.15887 -0.651316 3.25343 
-1.16182 -0.749569 3.33381 
-1.18838 -0.757091 3.23508 
-1.02736 -0.970149 3.81751 
-1.17017 -0.616822 3.16345 
-1.31591 -0.709833 2.97033 
-1.18116 -0.85363 3.34793 
-1.19082 -0.828314 3.21068 
-1.29888 -0.905952 3.12703 
-1.27527 -0.993152 3.09894 
-1.29645 -0.988786 3.03752 
1.06659 0.782352 2.25985 
0.889499 0.835999 2.45498 
0.718437 0.885467 2.56582 
0.770741 0.810953 3.0974 
0.366525 0.883819 3.5458 
-0.507163 0.772638 2.9954 
-0.0346757 0.808098 3.34282 
-0.328951 0.662286 2.95131 
-1.01794 -0.804521 3.73609 
1.21927 0.541172 3.06397 
1.22623 0.477088 3.04779 
-1.04915 -0.773 3.64112 
-0.826403 0.556948 2.89448 
-1.009 0.550667 2.94143 
-1.08397 0.533262 2.98748 
-1.09361 0.483635 3.00406 
1.66196 0.386846 3.08604 
-0.405396 0.397442 2.91796 
-1.17873 0.432394 2.88779 
-1.19684 0.437177 2.89228 
-1.19995 0.396279 2.78067 
1.22044 0.293248 2.88083 
-1.17064 -0.713225 3.23229 
-0.444391 0.278238 2.92909 
-0.915901 0.261054 2.94809 
-0.946073 0.232566 2.93578 
-0.37492 0.23868 4.32032 
-0.53422 0.166875 2.84619 
-0.970683 0.190605 2.96156 
-0.58535 0.106122 2.79881 
1.1114 -0.0296123 3.12596 
-1.16002 -0.308833 2.90272 
-0.9557 -0.566206 3.90251 
-1.04964 -0.500571 3.52182 
-1.27867 -0.353485 2.8721 
-1.05663 -0.521832 3.5288 
-1.16881 -0.483514 3.10608 
-1.18691 -0.448097 2.85645 
-1.14265 -0.593999 3.37532 
-0.956549 -0.799582 3.93117 
-1.09468 -0.689837 3.46576 
-1.14269 -0.676705 3.38479 
-1.47853 -0.570829 2.99072 
-1.13349 -0.776346 3.4755 
-1.14553 -0.686351 3.38665 
-1.14522 -0.921254 3.53221 
-1.21496 -0.871651 3.16229 
-1.27635 -0.830346 3.07212 
-1.31323 -0.827343 3.04198 
-1.30975 -0.84586 3.0397 
-1.22635 -0.798898 3.17994 
-1.18722 -0.747798 3.25094 
-1.1917 -0.688303 3.1537 
-1.0394 -0.612092 3.59352 
-0.972263 0.478192 2.98397 
-0.958202 0.527497 2.94327 
-0.861009 0.531076 2.91722 
-0.857359 0.531062 2.91808 
-1.21822 0.576815 2.87008 
-0.910793 0.580263 2.94129 
-1.19674 0.393053 2.77592 
-0.255052 0.399847 4.14476 
-0.374622 0.178719 4.23045 
-0.987707 -0.909773 3.85245 
-1.03532 -0.900692 3.78518 
-1.03004 -0.894844 3.83122 
-0.566342 0.0724466 2.82502 
-0.945306 0.109744 2.89041 
-1.1126 -1.06932 3.67964 
-1.05021 -1.26453 3.64607 
-1.04319 -1.04426 3.82568 
1.21385 0.674753 2.81127 
-0.337613 0.573573 3.52259 
-0.423654 0.301663 2.88559 
-0.525125 0.296004 3.04728 
-0.643484 0.0909259 2.75498 
-1.00995 0.109672 2.94554 
1.04503 -0.330777 2.94936 
-0.903908 0.164019 2.8956 
-0.324415 0.657118 3.50113 
-0.121026 0.639231 4.15805 
-1.1956 0.395452 2.68746 
1.48621 -0.334326 3.14345 
-1.01468 -0.84582 3.80492 
-0.895898 0.588929 2.88851 
-0.946768 0.420484 2.92276 
-1.07375 0.272227 2.9519 
-0.447175 0.163107 4.22791 
-1.09718 -1.19712 3.60895 
-0.292364 0.641248 3.63316 
-1.49291 -0.663021 3.04049 
-0.308617 0.588551 3.6413 
-0.449983 0.148013 4.29744 
-0.854526 -1.18615 4.71738 
1.23403 -0.297289 2.93546 
-1.28657 -0.569096 2.8708 
-1.26649 -1.03874 3.28245 
-1.34793 -0.721971 2.87442 
-0.0904319 0.562374 4.11754 
-0.502492 0.664187 3.00078 
-0.811366 -1.18074 4.71966 
-1.08595 -1.20744 3.61399 
-0.572885 0.052531 2.80577 
-1.2166 -1.05687 3.08133 
1.27742 0.329777 2.9077 
-0.431359 -0.662699 5.5977 
-0.538247 -1.07291 5.56927 
1.51596 -0.291337 2.99564 
1.40733 0.239542 2.90054 
-0.427566 0.398891 3.71742 
-1.11247 -0.374657 3.19444 
-1.10435 -0.365936 3.17692 
-1.17142 0.0848551 3.14471 
1.73778 0.0505344 3.13371 
-1.06912 -0.172554 3.06621 
-0.500416 -0.624843 5.53466 
1.5067 -0.278259 2.88391 
-1.20831 0.0777921 3.12464 
-1.12731 0.43686 2.90666 
-0.755413 0.549312 3.01728 
0.535082 0.867813 3.81069 
-0.327226 0.876758 3.01322 
1.54591 0.125354 3.05435 
1.68692 0.0566819 3.11569 
-0.364796 0.347056 4.25693 
1.67106 0.0657726 3.09119 
-1.10951 -0.420953 3.29298 
-1.16788 -0.387052 2.8991 
-0.701017 0.460866 3.09183 
1.45982 -0.326191 2.8895 
-1.12721 -0.403844 3.21265 
-0.411448 0.565023 2.94963 
1.69117 0.447068 3.01571 
-0.634022 -0.0178383 2.88142 
-0.428454 0.531474 2.95488 
-0.454318 0.660415 3.04531 
-1.22676 0.0441145 3.17029 
-1.25868 -0.0636468 3.06469 
-1.14164 -0.308957 3.00155 
-0.433441 0.487563 2.95715 
1.6807 0.43811 3.01437 
1.55224 -0.0373838 2.86724 
-0.574309 -0.00155063 2.86128 
-1.14156 -0.33491 2.9841 
-1.16835 -0.455242 2.96596 
1.3288 0.0793355 3.29314 
-1.26752 -0.335592 2.86478 
-0.61774 0.00768864 2.81464 
3.05541 -0.130501 4.64702 
1.72049 0.0400932 3.08704 
0.0817457 0.98259 3.13736 
0.0252567 0.984591 3.16288 
-1.12187 0.420472 2.89667 
1.40247 0.164433 3.42872 
-1.39705 -0.881941 2.88285 
1.91135 0.546175 3.05402 
0.265997 0.949635 3.42015 
3.0537 -0.0988652 4.72732 
1.28289 0.255672 5.22303 
1.5161 0.643049 2.96868 
-1.17772 0.373838 2.8254 
-0.966858 -0.89345 3.95788 
-0.481558 0.808158 2.95879 
1.51445 0.65487 3.073 
0.782302 0.833159 2.9248 
0.199988 1.01066 3.2126 
-1.33984 0.0786443 2.80394 
-1.03255 0.254903 3.01811 
-1.05237 -0.224669 3.08093 
0.951374 0.695366 3.49668 
-0.624537 0.00491328 2.83486 
1.48445 0.65475 2.99003 
0.96671 0.789894 3.15155 
-0.333627 0.824471 3.00373 
-0.0810617 0.70111 3.24952 
0.582332 0.878366 3.79714 
-0.626294 -0.0668712 2.87802 
1.53909 -0.556948 3.13987 
0.180127 0.989423 3.01364 
-1.35145 -0.199744 2.69474 
1.49206 -0.38345 3.20414 
-1.40211 -0.882338 2.8448 
-0.17102 0.505361 4.22317 
3.35633 -0.662299 5.03268 
-0.723782 -0.64224 4.94293 
-1.22665 -0.754692 3.19389 
1.25969 0.676458 3.15109 
-1.12371 0.590754 2.92172 
-1.07816 -0.16179 3.03681 
-1.24394 -0.443131 2.86523 
-1.18727 -0.685169 3.14339 
-1.02829 -0.970481 3.81932 
-1.36985 -0.772174 2.99474 
-1.17714 -0.722848 3.24697 
-1.22141 -0.774352 3.20139 
1.58515 -0.651165 2.98302 
-0.760439 -0.354524 4.68124 
-0.803844 -0.754126 4.61253 
-1.03432 -0.744788 3.68053 
-1.06694 -1.17875 3.73969 
-1.03319 -0.668736 3.68015 
-1.04844 -0.755402 3.64317 
-1.06261 -0.968601 3.74368 
-1.15485 -0.923035 3.5429 
1.07791 0.772924 2.30293 
0.49768 0.911209 3.05032 
-0.875433 0.614862 2.9491 
-1.10051 0.570745 2.96658 
-1.20692 0.519554 2.80733 
-1.22554 0.501689 2.6977 
-1.24833 0.48391 2.65725 
-1.38025 -0.79718 2.95202 
1.20494 0.595512 3.0626 
1.19432 0.600772 3.09677 
-0.875372 0.468637 2.91942 
-1.11103 0.410168 2.96849 
-1.13441 0.355464 2.97353 
1.67062 0.384027 2.90845 
1.65485 0.339595 3.00265 
1.20316 0.311328 2.96133 
-0.564454 0.201834 2.43383 
-1.27959 0.178714 2.81557 
-1.239 -0.899822 3.11185 
-0.572006 0.128962 2.78919 
-0.978299 0.160894 2.94095 
-1.034 0.175744 2.98111 
1.53676 0.150924 2.96132 
-1.33331 -0.871168 3.02903 
1.58387 0.1122 3.0142 
-1.1177 -0.173855 3.00095 
-1.08539 -0.239618 3.00673 
-1.22641 -0.999795 3.30786 
-1.10241 -0.500139 3.36622 
-1.14787 -0.43416 3.08928 
-1.16914 -1.12151 3.41929 
-1.22392 -0.476107 2.84921 
-1.24634 -0.500441 2.85784 
-1.11154 -0.628942 3.45897 
-1.13188 -0.617115 3.37278 
-1.37285 -0.989962 3.02311 
-1.15514 -0.650509 3.2617 
-1.18775 -0.629829 3.11182 
-1.10988 -0.772066 3.50578 
-1.24115 -1.12856 3.4062 
-1.17316 -1.12596 3.40444 
-1.04478 -1.23304 3.65803 
-1.24814 -1.10116 3.42102 
-1.19428 -1.07242 3.45327 
-1.14188 -1.17768 3.75638 
-1.32158 -0.847069 2.91968 
-1.27338 -0.922177 3.13546 
-1.2351 -0.943162 3.21109 
-1.2106 -0.986436 3.30444 
-1.1629 -0.992892 3.45286 
-1.36167 -0.815782 3.00436 
-1.20299 -0.93041 3.30212 
-1.18448 -0.932575 3.40562 
-1.14699 -0.923399 3.53315 
-1.17646 -0.815006 3.35745 
-1.14555 -0.86006 3.51995 
-1.39569 -0.691711 2.95978 
-1.13988 -0.854777 3.53664 
-1.08438 -0.860706 3.60881 
-1.21613 -0.623988 3.05425 
-1.06753 -0.72795 3.52728 
-0.994679 -0.793978 3.82622 
-0.958988 -0.842348 3.94706 
-1.42609 -0.537528 3.0055 
-1.07045 -0.656589 3.52684 
-0.998456 -0.710226 3.82375 
-0.957267 -0.717404 3.91379 
-1.06245 -0.588788 3.51237 
-0.992248 -0.634629 3.80186 
-0.954238 -0.63729 3.90642 
-1.24519 -0.445522 2.86096 
-1.17341 -0.415289 2.84719 
-1.1368 -0.487455 3.27908 
-0.956673 -0.580126 3.9084 
-1.132 -0.472945 3.28742 
-1.15733 -0.308845 2.89611 
-1.11772 -0.174107 3.01678 
-1.13438 -0.0997856 3.0709 
-1.16959 -0.0644677 3.05174 
-1.15185 -0.056695 3.07262 
-0.529375 -0.0505506 2.87317 
-0.617659 0.117428 2.77186 
1.56885 0.115975 3.00428 
1.58889 0.120771 2.94152 
-0.572139 0.158932 2.80057 
-0.478706 0.188543 2.93777 
1.53885 0.181153 2.96672 
1.57177 0.177432 2.92806 
-0.994645 0.248903 2.94917 
-0.582274 0.194004 2.44731 
-0.554298 0.210215 2.81491 
-0.514034 0.253707 3.01129 
1.40677 0.262613 3.04764 
1.48118 0.234477 2.93321 
1.58759 0.238526 2.93705 
-0.96442 0.312474 2.93928 
-0.905549 0.308242 2.9251 
1.23484 0.34581 2.984 
1.28211 0.303569 2.90541 
1.6263 0.302414 3.0372 
1.63709 0.286108 2.95088 
-1.08557 0.369233 2.96158 
-0.945343 0.370949 2.95219 
-0.429849 0.321551 2.91743 
1.20569 0.361455 3.04627 
1.5772 0.377005 3.17536 
1.62821 0.390824 3.12616 
-1.09777 0.430143 2.98243 
-0.904656 0.425832 2.93237 
-0.737235 0.428047 2.99307 
-0.402491 0.408877 2.92284 
1.22795 0.472724 3.0539 
1.52796 0.455622 3.19281 
1.57689 0.444007 3.15082 
1.62628 0.447048 3.12389 
1.67974 0.39532 2.91923 
-1.20608 0.469102 2.81138 
-1.16766 0.463596 2.8747 
-1.13214 0.503742 2.98253 
-1.02352 0.488395 2.97006 
-0.880136 0.472406 2.92389 
-0.689172 0.495387 3.02986 
-0.382031 0.47722 2.93141 
1.29679 0.497463 3.0914 
1.37395 0.504803 3.12754 
1.43399 0.520079 3.15333 
1.57923 0.516683 3.17094 
1.60145 0.506808 3.09942 
1.62952 0.491709 3.04826 
1.67223 0.489508 3.00801 
1.70929 0.500466 2.93022 
-1.18781 0.528754 2.84568 
-0.371677 0.510737 2.93 
1.45869 0.592771 3.16614 
-0.747241 0.603551 2.96698 
-0.338133 0.624603 2.93654 
1.13699 0.756677 2.47134 
-1.1542 -0.575683 3.13203 
-1.16696 -0.482418 3.10344 
-1.14165 -1.01748 3.53739 
-1.13741 -0.984709 3.57687 
-0.598083 0.474374 3.11812 
-0.923166 0.211184 2.98769 
-1.2655 -1.23694 3.41474 
-0.830548 0.432321 2.93748 
-1.1802 0.494944 2.70302 
-0.537039 0.42911 3.07863 
-0.728163 0.0709137 2.85673 
1.61444 0.53703 3.01973 
-0.49982 -0.0562499 2.95625 
-0.875499 0.346115 2.90653 
-0.444592 0.0887826 4.34643 
-0.78856 0.358773 2.90363 
-0.503727 0.122097 2.94935 
-0.215532 0.765519 3.41488 
-1.22976 0.0810763 3.06682 
-1.45951 -0.60078 3 
-1.35043 -0.89599 2.93264 
1.42575 0.647442 3.13714 
-0.517375 -0.0478958 2.91655 
-0.187301 0.606906 4.24277 
1.60249 -0.752056 3.07844 
1.28992 0.262387 2.93927 
1.97184 -0.789167 2.99477 
-0.514411 0.254375 4.04955 
-1.11312 -0.969935 3.7199 
3.12139 -0.364435 4.84257 
-0.779429 0.429815 2.94582 
-0.735574 0.476475 2.9629 
1.61287 0.589331 3.10681 
-0.290157 0.785845 2.93941 
-0.379717 0.904064 3.08428 
-0.9938 -0.556342 3.7784 
-0.488854 -1.44845 2.59804 
-0.750266 0.360639 2.88323 
-0.800286 -1.00423 4.57121 
-0.665307 0.497258 3.17827 
-0.601565 0.446769 3.14503 
1.63184 0.219885 2.91824 
-0.794707 -1.00225 4.6284 
-0.457238 0.235824 4.23021 
-0.938109 0.0838776 2.88402 
-0.922991 0.545203 2.8516 
-0.934503 0.496226 2.89805 
-1.00051 0.397268 2.90303 
-1.01429 0.346407 2.92095 
-1.05752 0.308225 2.90132 
