3391
0.3815 0.679524 3.03796 
1.74077 0.694626 2.85893 
-0.778262 0.455067 1.4697 
-0.760082 0.446868 1.47568 
-0.719731 0.448212 1.45784 
-0.692681 0.447591 1.48106 
-0.683669 0.447314 1.47659 
-0.0599656 0.853369 2.40169 
0.163527 0.846456 2.34596 
1.09976 0.816009 2.31618 
-0.295916 0.871399 2.34905 
-0.224922 0.87254 2.31879 
0.205124 0.879984 2.32332 
0.251496 0.894014 2.36032 
0.447602 0.840386 2.31664 
0.476475 0.850776 2.25852 
0.676941 0.847151 2.32792 
0.717629 0.855332 2.32638 
0.765587 0.850788 2.31886 
0.814547 0.843448 2.30038 
0.987274 0.849925 2.32838 
1.09661 0.83687 2.2588 
1.15144 0.82761 2.30139 
1.30476 0.848013 2.26793 
0.33561 0.867221 2.2866 
0.518232 0.858717 2.26364 
1.96613 0.526735 3.77604 
1.76678 0.613347 3.10336 
0.542314 0.679012 3.06654 
0.970932 0.828388 2.37681 
0.976531 0.828266 2.37825 
1.05622 0.826176 2.37643 
1.10818 0.793478 2.36989 
1.82263 0.534225 3.78464 
0.640619 0.692209 3.09087 
0.855749 0.685031 3.14576 
1.68332 0.717215 2.93174 
1.36174 0.778088 2.69467 
1.51844 0.77389 2.77828 
1.46878 0.807031 2.59453 
0.85598 0.798971 2.43066 
1.41213 0.835367 2.50631 
0.511456 0.83727 2.40412 
0.689705 0.825818 2.37618 
0.741695 0.828505 2.38194 
0.779582 0.830213 2.39266 
0.835141 0.82907 2.3829 
0.883497 0.826461 2.37778 
1.28796 0.861485 2.46081 
1.33657 0.858055 2.45621 
0.255663 0.84666 2.3633 
1.02144 0.830958 2.38829 
1.53701 0.717052 2.7798 
0.547628 0.675524 3.04647 
2.15224 0.391588 3.84989 
1.74706 0.611837 3.15707 
2.31989 0.520928 3.75141 
1.74538 -0.00641114 3.80865 
2.27804 0.0947196 3.91953 
2.17925 0.546914 3.75566 
2.26041 0.524182 3.76237 
1.4338 0.736945 2.74081 
0.956769 0.794845 2.4256 
1.05422 0.804475 2.4495 
1.08801 0.793723 2.42245 
0.63763 0.821599 2.40231 
1.21578 0.768005 2.58137 
1.3575 0.733809 2.68764 
1.30105 0.726038 2.66608 
1.53048 0.685088 3.0747 
2.28343 0.174149 3.96969 
1.2884 0.751338 2.64956 
1.43133 0.773797 2.70537 
0.909704 0.799993 2.43435 
0.40077 0.835164 2.42175 
0.455071 0.820536 2.38629 
0.596165 0.822793 2.40367 
0.992202 0.801571 2.41647 
1.49531 0.722832 2.79404 
1.96978 0.393837 3.90383 
2.11889 0.0932068 3.91073 
2.0475 0.141527 3.89204 
2.10519 0.391639 3.8867 
1.46411 0.715962 2.92757 
1.24818 0.798503 2.5775 
2.17227 0.471623 3.82524 
2.18539 0.0984937 3.87864 
2.13047 0.552482 3.78928 
0.676202 0.795906 2.39894 
1.45809 0.724542 2.8051 
2.14171 0.475085 3.95399 
2.04449 0.397369 3.9048 
1.74165 0.194431 3.84678 
0.187215 0.830898 2.40751 
1.07272 0.783237 2.48823 
1.14998 0.751298 2.55623 
1.87828 0.441464 3.84411 
1.68513 0.644333 3.38812 
1.76887 0.222072 3.90799 
1.74358 -0.241754 3.78826 
1.76966 0.0653493 3.89325 
-1.0478 0.704531 2.48844 
-1.04584 0.705268 2.48611 
-0.107604 0.862997 2.40573 
1.22374 0.732934 2.68734 
0.253475 0.828329 2.41024 
1.30415 0.741041 2.83335 
1.76667 0.128592 3.91685 
1.69197 0.471747 3.76456 
1.09839 0.75748 2.46708 
0.665875 0.816826 2.48327 
0.705543 0.789968 2.41734 
1.09712 0.75851 2.46146 
0.35772 0.822294 2.40347 
0.443266 0.805261 2.38463 
0.158174 0.845212 2.42339 
-0.868894 0.635592 2.31686 
1.98509 0.219306 4.01292 
1.23148 0.740969 2.62417 
1.33028 0.729868 2.80186 
0.74429 0.777611 2.39214 
0.802991 0.789099 2.42635 
1.78243 -0.379809 3.71966 
-0.49304 0.868566 2.43429 
1.88456 0.382141 3.9061 
1.89754 0.282816 3.97399 
1.53811 0.669103 3.39032 
1.11593 0.742215 2.60311 
1.75759 -0.538761 3.77657 
1.81643 -0.563605 3.78038 
1.7517 -0.490236 3.76806 
1.68091 -0.172683 3.85406 
1.72529 -0.156492 3.8021 
1.19145 0.705686 2.88099 
1.25834 0.757306 2.88018 
0.84695 0.774584 2.48542 
1.50231 0.622952 3.43381 
-0.238965 0.859544 2.42043 
-0.455807 0.862642 2.42507 
1.64044 0.447586 3.82842 
1.74028 -0.54761 3.77073 
1.49167 0.700702 3.28365 
1.48113 0.735897 3.22178 
1.4847 0.686833 3.22687 
1.01499 0.770381 2.49895 
1.05546 0.752321 2.5467 
0.264013 0.799012 2.44139 
0.316103 0.78708 2.43041 
0.410537 0.817888 2.48185 
-0.194214 0.862779 2.41663 
-0.152935 0.865595 2.42728 
0.126629 0.848758 2.47509 
1.8846 0.147786 3.94098 
1.5632 0.458191 3.81891 
-0.311969 0.873001 2.39737 
-0.50722 0.86121 2.36231 
0.436341 0.809426 2.45536 
1.02534 0.766433 2.49136 
0.947734 0.7632 2.62549 
1.27404 0.683442 2.99633 
1.19729 0.690989 3.25909 
1.19468 0.745242 2.84142 
1.45825 0.691336 3.32984 
0.87416 0.791818 2.70072 
1.71253 -0.474494 3.80572 
0.933088 0.785218 2.67956 
0.385375 0.806103 2.6283 
0.551044 0.814282 2.63338 
0.620206 0.818563 2.64964 
0.656357 0.812228 2.62378 
0.785112 0.790702 2.5523 
0.588405 0.827012 2.53429 
1.2678 0.711621 3.13622 
1.77543 -0.0581161 3.79854 
0.914423 0.763477 2.47802 
0.512479 0.813456 2.49137 
0.629385 0.822719 2.51268 
0.828585 0.80025 2.54267 
1.71379 -0.0780381 3.79175 
1.18067 0.766502 2.68152 
1.0472 0.722541 2.62196 
0.214353 0.823957 2.42132 
0.465019 0.802525 2.46617 
0.96461 0.771986 2.50084 
1.11265 0.76137 2.56488 
-0.27712 0.886482 2.42232 
-0.378919 0.852521 2.34553 
-0.418959 0.860852 2.35612 
-0.457601 0.863494 2.35837 
0.18202 0.806927 2.40688 
0.624829 0.806182 2.48432 
1.05099 0.749857 2.53272 
0.951833 0.738225 2.49736 
1.79819 -0.45804 3.7541 
0.261512 0.799447 2.5415 
0.88425 0.745179 2.51075 
1.06434 0.692668 2.73684 
1.49344 0.432297 3.76414 
0.361772 0.80729 2.49038 
0.804464 0.772407 2.54384 
1.62846 0.14344 3.91266 
1.6895 -0.569231 3.8434 
0.145012 0.808303 2.45422 
0.706522 0.778462 2.5977 
-0.251703 0.784367 2.52159 
-1.02679 0.73814 2.37322 
-0.27275 0.838416 2.47534 
-0.197182 0.818443 2.46235 
-0.283622 0.866909 2.44953 
1.66886 0.335963 3.9208 
1.36901 0.605147 3.3454 
0.0792155 0.844663 2.48918 
-0.15896 0.804544 2.48166 
-0.31823 0.867593 2.45333 
1.39591 0.598391 3.31959 
-0.4319 0.85893 2.41874 
-0.191271 0.8377 2.42456 
-0.327713 0.848021 2.48444 
-0.245968 0.803787 2.48416 
0.990456 0.725897 2.58782 
-0.937843 0.764686 2.28659 
-0.946539 0.752374 2.30396 
0.629529 0.78515 2.51769 
0.477925 0.781656 2.50986 
0.340018 0.780876 2.49606 
-0.907724 0.712419 2.30209 
0.803469 0.77091 2.56336 
0.773626 0.770931 2.58129 
0.953667 0.728163 2.56737 
0.929301 0.74345 2.59108 
1.02274 0.70992 2.71408 
1.59943 0.202337 3.86704 
-0.384328 -0.741935 1.51239 
1.61931 0.142668 3.90996 
-0.352322 0.8571 2.42062 
1.33167 0.693391 3.27043 
1.60748 0.333081 3.90488 
-1.88556 -1.77173 2.82514 
1.68536 -0.403464 3.9737 
1.60391 0.526282 3.78197 
1.7011 -0.247083 3.88438 
1.64184 0.526527 3.77582 
1.02706 0.71405 2.71865 
1.01739 0.739044 2.57992 
0.4219 0.802392 2.5899 
-0.0702045 0.837658 2.51571 
0.168179 0.796928 2.45643 
0.221204 0.805705 2.49488 
-0.391668 0.854142 2.41118 
0.530219 0.790908 2.58752 
0.325325 0.781948 2.52996 
1.30151 0.651895 3.35922 
1.71234 0.277048 3.92022 
1.47915 0.555974 3.73028 
1.52456 0.511714 3.75476 
1.63789 0.075846 3.94598 
1.61687 0.217383 3.92222 
1.59828 0.389886 3.87708 
0.0335821 0.859503 2.52309 
1.33875 0.638031 3.28703 
1.3103 0.685043 3.32881 
0.966492 0.742325 2.59025 
0.482716 0.791402 2.57665 
0.703554 0.793738 2.61011 
0.741456 0.794647 2.59109 
0.105275 0.822797 2.55298 
1.70476 -0.50156 3.87353 
0.037073 0.844415 2.55943 
1.70096 -0.706466 4.00489 
1.68305 -0.68629 3.95779 
-1.01052 0.687483 2.44288 
1.6765 0.139203 3.87021 
1.68969 0.0674201 3.89894 
-0.0355158 0.894353 2.55594 
-0.0714508 0.880766 2.52169 
-0.604197 0.869818 2.41047 
0.122109 0.834415 2.51089 
-0.0114871 0.856737 2.5451 
-0.0345186 0.871355 2.55211 
0.598254 0.809326 2.55844 
0.403373 0.813641 2.5312 
0.324296 0.779605 2.49266 
0.214626 0.804191 2.5085 
0.88707 0.782763 2.58692 
0.448723 0.796753 2.57546 
1.0297 0.715845 2.71336 
1.31955 0.654711 3.33907 
1.66484 0.261556 3.86078 
1.66094 0.200804 3.87598 
1.19584 0.703452 2.93182 
1.02607 0.694286 2.77745 
-0.108243 0.843927 2.48154 
1.01414 0.725611 2.60339 
1.08713 0.702871 2.7419 
1.1893 0.714856 2.98102 
0.560917 0.807912 2.55186 
0.514464 0.793541 2.51176 
0.437293 0.803915 2.53402 
0.369361 0.792317 2.52254 
0.281651 0.783233 2.44708 
-0.288615 0.779987 2.49416 
0.867 0.782808 2.58303 
0.0982325 0.820385 2.58728 
0.449949 0.78048 2.61069 
0.408374 0.772003 2.58951 
-0.803005 0.691213 2.30924 
0.86807 0.764585 2.67612 
-0.796218 0.634383 2.30871 
1.02858 0.642809 2.87973 
-0.794387 0.622654 2.34307 
1.2224 0.627183 3.3084 
1.55165 0.403381 3.91235 
-1.41287 0.9041 2.33304 
-1.13229 0.838561 2.30178 
-1.25317 0.863803 2.33968 
-1.29053 0.861807 2.33167 
-1.32571 0.860906 2.3204 
-1.36968 0.864719 2.32032 
-1.4695 0.888062 2.34656 
-1.57163 0.917852 2.38118 
-1.58919 0.86239 2.30252 
-0.337687 0.865736 2.52644 
-0.376954 0.868096 2.524 
-0.412366 0.865647 2.51016 
-0.583617 0.842251 2.42744 
-1.22979 0.836123 2.36796 
-1.29678 0.832097 2.34652 
-1.60082 0.824058 2.31193 
-0.261489 0.829275 2.54507 
-0.297679 0.836086 2.52864 
-0.337579 0.831886 2.52982 
-0.460062 0.837972 2.53519 
-0.573622 0.816655 2.45289 
-1.00484 0.753005 2.25599 
0.541668 0.781852 2.62303 
0.509093 0.78627 2.64041 
0.302935 0.78926 2.58658 
-1.17868 0.769005 2.39855 
0.850953 0.759605 2.71955 
0.777059 0.752735 2.70626 
0.700351 0.742432 2.65181 
0.858365 0.727076 2.73204 
0.966931 0.704852 2.80173 
1.00436 0.626606 2.87285 
-0.705149 0.661226 2.67225 
0.203313 0.764258 2.55436 
-0.699004 0.681722 2.35208 
0.828161 0.731337 2.72182 
1.00667 0.684994 2.8186 
-1.69117 0.463632 2.75272 
-1.70532 0.458173 2.75448 
0.0898718 0.805163 2.62927 
-1.01492 0.713398 2.41828 
-1.2642 0.825026 2.36818 
-1.24374 0.780779 2.48266 
0.497735 0.77781 2.59798 
0.364667 0.768212 2.5545 
-0.369368 0.826839 2.51184 
-0.288047 0.819482 2.48925 
-0.994599 0.759388 2.2393 
0.631061 0.767697 2.67515 
-0.370994 0.851339 2.49093 
-0.477742 0.831002 2.44546 
-0.598455 0.79924 2.41053 
-0.0387645 0.718374 2.52159 
-0.0753836 0.720443 2.51484 
-0.788348 0.659759 2.37814 
-0.446398 0.838465 2.4726 
-0.507972 0.823949 2.43848 
-0.55986 0.797428 2.41249 
0.913487 0.734234 2.69394 
0.880603 0.743489 2.71281 
-1.40861 0.850276 2.35416 
-0.960183 0.751287 2.24975 
-1.15035 0.790135 2.31979 
-1.25354 0.825782 2.41088 
-1.08564 0.761399 2.31326 
0.00501237 0.808196 2.61219 
0.163067 0.758867 2.5543 
0.15235 0.753045 2.57626 
-0.037922 0.729937 2.52887 
0.75381 0.757535 2.63333 
0.23213 0.748602 2.59882 
-0.808959 0.611346 2.25777 
0.670886 0.717395 2.66327 
-0.73995 0.61871 2.3554 
-0.753659 0.589427 2.29455 
-0.783167 0.58589 2.26339 
0.985836 0.699518 2.75549 
1.46939 0.476858 3.73529 
1.57469 0.351874 3.97883 
1.57581 0.344736 3.98085 
-0.222881 0.830666 2.55244 
-1.14463 0.76274 2.41769 
-1.30035 0.80503 2.35212 
1.27512 0.58461 3.29883 
1.2337 0.592187 3.35152 
-0.402773 0.839521 2.46063 
0.981331 0.707256 2.76122 
0.729699 0.730358 2.69897 
0.788016 0.743373 2.72051 
0.982922 0.708191 2.74993 
-1.13636 0.716154 2.55445 
0.397212 0.789525 2.72922 
0.762733 0.768869 2.64903 
0.832614 0.772651 2.73408 
-0.476385 0.78729 2.59009 
-0.322473 0.798568 2.52392 
-0.0666658 0.776027 2.55508 
-0.06037 0.776817 2.55673 
0.0186721 0.809202 2.65169 
0.128628 0.788293 2.54254 
0.164881 0.777268 2.5407 
0.229004 0.789288 2.57024 
-0.323437 0.847755 2.49992 
-0.687643 0.706626 2.41203 
0.021966 0.839515 2.60358 
-0.818432 0.675798 2.401 
-0.805806 0.425645 2.13468 
-1.14804 0.757645 2.40516 
1.23819 0.6317 3.31234 
-0.0159874 0.797182 2.60372 
0.479963 0.777686 2.66924 
-0.822183 0.629185 2.29701 
-0.760689 0.599767 2.31949 
0.921875 0.731851 2.77801 
0.235332 0.762252 2.63145 
0.439933 0.775118 2.68878 
0.559715 0.779608 2.69497 
0.887689 0.779472 2.69973 
-0.119342 0.797016 2.5879 
0.27386 0.798059 2.59493 
-0.0574181 0.822688 2.54915 
-0.743773 0.706242 2.36992 
-1.21209 0.767255 2.52144 
-0.189515 0.825567 2.62678 
-1.02975 0.74077 2.34796 
-1.16426 0.754126 2.3973 
-1.09069 0.754694 2.40173 
-2.51655 -1.49198 4.9878 
-1.28495 0.474933 3.20694 
1.28587 0.572421 3.33471 
-1.4198 0.874401 2.32658 
-1.58839 0.923351 2.44279 
-1.63078 0.919656 2.43289 
-1.13558 0.825723 2.30572 
-1.20258 0.855528 2.34091 
-1.26432 0.842923 2.36727 
-1.33206 0.837981 2.33967 
-1.34632 0.838481 2.34111 
-1.44396 0.85764 2.36107 
-1.65143 0.885159 2.41917 
-0.257619 0.860408 2.53249 
-0.453015 0.860805 2.51003 
-0.487417 0.853374 2.48807 
-0.556345 0.847989 2.46398 
-0.611294 0.825251 2.44491 
0.0664406 0.833726 2.60542 
0.013689 0.836734 2.59871 
-0.0954004 0.815123 2.53206 
-0.141779 0.821921 2.55026 
-0.421864 0.838105 2.54336 
-0.498579 0.834953 2.52126 
-0.546708 0.827689 2.49655 
0.0531725 0.816918 2.64711 
-0.225727 0.807916 2.58275 
0.305748 0.765228 2.63615 
0.0965601 0.796931 2.62298 
-0.803564 0.692191 2.3301 
0.637321 0.738517 2.70558 
0.990259 0.715254 2.73956 
1.00178 0.695853 2.78937 
1.23285 0.608156 3.30114 
-2.16701 -0.707322 3.07199 
0.806806 0.772015 2.6701 
0.524846 0.77685 2.6824 
-0.0238028 0.833558 2.54924 
-1.36868 0.79135 2.74843 
0.704805 0.759651 2.62943 
0.948284 0.715029 2.75601 
0.990914 0.671889 2.8624 
-1.63137 0.477776 2.6477 
-1.14167 0.768987 2.33329 
-1.14868 0.772472 2.34336 
0.200593 0.788729 2.52684 
0.0551191 0.831315 2.60156 
-0.0263078 0.821998 2.56451 
-1.00965 0.724934 2.26558 
0.589707 0.782885 2.67451 
-0.818673 0.655284 2.35907 
0.685333 0.74155 2.72324 
0.677929 0.784715 2.71163 
-0.544462 0.854928 2.47147 
0.943872 0.742578 2.7037 
0.986725 0.740754 2.71571 
-1.69214 0.527012 2.56848 
1.15356 0.654247 3.25526 
-0.691737 0.484954 2.21714 
-0.717685 0.575271 2.32853 
-1.31411 0.836661 2.4285 
-0.152556 0.819125 2.63088 
-0.81271 0.724218 2.3142 
-1.36025 0.822678 2.48657 
0.113745 0.76339 2.61147 
0.0242769 0.771652 2.63893 
-0.232946 0.793912 2.63489 
-0.455805 0.794348 2.58832 
0.320278 0.748485 2.72986 
0.239798 0.746211 2.69947 
0.881685 0.69456 2.78729 
0.494126 0.729377 2.80149 
-0.0294859 0.722451 2.7103 
-0.569585 0.732975 2.64774 
-0.805212 0.57715 2.21106 
-0.606717 0.704749 2.67758 
-0.65543 0.711924 2.68133 
-0.662627 0.668527 2.56542 
-0.715309 0.558562 2.28161 
0.112828 0.760858 2.61304 
-1.03918 0.698716 2.45581 
0.127107 0.741693 2.73758 
-0.161193 0.76365 2.66897 
-0.118656 0.751983 2.62352 
-0.520585 0.805504 2.52278 
-0.570539 0.778685 2.56986 
0.19406 0.753828 2.64043 
-1.40654 0.834107 2.39406 
-0.646342 0.788297 2.43762 
0.441175 0.732788 2.74447 
0.828326 0.711779 2.72487 
0.707533 0.699237 2.72026 
0.809628 0.710752 2.77078 
0.400011 0.724395 2.76116 
0.505408 0.729735 2.8602 
-1.35388 0.813862 2.44284 
-0.579512 0.772322 2.49417 
-0.193004 0.765102 2.79028 
1.13656 0.647096 3.26068 
0.427726 0.749907 2.67659 
0.137162 0.751848 2.61291 
0.364538 0.711353 2.76066 
-0.544779 0.786129 2.4629 
-1.53664 0.789125 2.19918 
-1.52355 0.757323 2.13691 
-0.682876 0.765839 2.39193 
-1.55637 0.781226 2.26647 
-1.51451 0.733053 2.15984 
0.56736 0.747855 2.71734 
-0.00559675 0.763218 2.63217 
-0.659847 0.761025 2.45796 
0.676822 0.706498 2.7295 
0.0887943 0.729658 2.70235 
-0.103167 0.72799 2.60548 
-0.19707 0.771068 2.68735 
-0.522342 0.774419 2.6078 
0.964035 0.698262 2.82181 
0.803343 0.705336 2.84579 
-1.21789 0.746861 2.58344 
0.934272 0.668107 2.82564 
-0.707784 0.492524 2.19842 
-0.546821 0.755887 2.63893 
0.400368 0.747893 2.72936 
0.357609 0.749186 2.72662 
-0.649461 0.673555 2.53647 
0.915289 0.718264 2.79512 
-0.721168 0.536515 2.22624 
-1.22735 0.763022 2.56357 
-0.829668 0.540952 2.21667 
-1.60272 0.886603 2.48531 
-1.46567 0.848107 2.41427 
-1.32297 0.817767 2.46526 
-1.44589 0.80434 2.42026 
-1.54876 0.830032 2.45098 
-0.467785 0.808657 2.55333 
-0.700241 0.721547 2.36127 
0.0572735 0.766912 2.61794 
-0.267632 0.780587 2.60387 
-0.378251 0.786695 2.59361 
-0.575147 0.756942 2.62939 
-1.22591 0.746662 2.61183 
0.529332 0.741263 2.76961 
0.352668 0.735027 2.71355 
-0.494487 0.727355 2.6649 
-0.543885 0.70138 2.66394 
-0.744993 0.457721 2.19076 
-0.659562 0.678451 2.68966 
-0.829079 0.538664 2.2213 
0.591074 0.72359 2.67643 
0.0145258 0.747561 2.60587 
-0.791032 0.533714 2.21981 
-0.605259 0.715856 2.67484 
0.20258 0.741817 2.7572 
0.250202 0.747656 2.7736 
0.29517 0.755066 2.77581 
0.363276 0.722728 2.80193 
0.460571 0.741372 2.74874 
-0.273155 0.766552 2.65966 
-0.221337 0.771874 2.67349 
0.0754065 0.741936 2.63641 
0.280082 0.759155 2.66791 
-0.427145 0.781635 2.58224 
-2.16758 -0.955988 3.06734 
0.415264 0.728498 2.82423 
-0.297143 0.790044 2.55072 
-0.520315 0.785442 2.58656 
-0.638546 0.763086 2.52875 
-0.665314 0.737622 2.48335 
0.143725 0.76287 2.61563 
-0.0185358 0.748238 2.63936 
-1.2782 0.814689 2.461 
-1.33133 0.825591 2.48043 
-1.42078 0.815885 2.43867 
-0.705036 0.726252 2.3694 
0.841709 0.726178 2.75857 
-0.043624 0.745352 2.57362 
0.355094 0.791188 2.7307 
-0.37526 0.802001 2.56866 
-0.261965 0.802505 2.57718 
1.48532 0.534014 3.94372 
-0.838007 0.433 2.1684 
1.29822 0.591741 3.54986 
-0.817181 0.601839 2.30563 
-0.840156 0.433364 2.16877 
-1.95442 -1.06435 2.46679 
-0.345735 0.806768 2.55733 
-0.546721 0.798147 2.53291 
-0.67404 0.765552 2.41912 
-0.100368 0.753863 2.58014 
-0.137375 0.776849 2.62856 
-0.194093 0.80144 2.66517 
-0.318286 0.790341 2.62464 
0.524807 0.757106 2.71744 
0.437762 0.749317 2.71497 
0.282139 0.753005 2.74297 
0.128584 0.746752 2.7017 
0.0331845 0.733164 2.64665 
-0.0475609 0.733593 2.63707 
-0.0784269 0.734092 2.56658 
0.851269 0.698055 2.7889 
0.777681 0.708884 2.85365 
-0.319998 0.776488 2.68174 
0.0261846 0.715425 2.6518 
-0.645098 0.713604 2.6591 
0.759295 0.714359 2.77031 
0.466778 0.733041 2.85279 
-0.421835 0.808275 2.54112 
-0.510624 0.811613 2.53956 
0.0740262 0.751532 2.62147 
-0.117237 0.793189 2.59286 
-0.335496 0.785472 2.59633 
-0.525086 0.780433 2.60496 
0.202058 0.745927 2.73047 
-0.759738 0.542255 2.22985 
-1.53032 0.865935 2.44975 
-1.57824 0.863068 2.46851 
-1.39358 0.811887 2.4369 
-0.382566 0.804515 2.54578 
0.592287 0.752112 2.9098 
-0.698247 0.739562 2.33298 
-1.73448 0.474127 2.68981 
-0.839102 0.728061 2.27726 
1.428 0.55787 3.80713 
0.676638 0.727047 2.83222 
0.814623 0.720452 2.83869 
0.710187 0.716468 2.81492 
-0.753483 0.727891 2.31657 
0.156863 0.756638 2.73475 
0.493025 0.75347 2.73558 
0.666799 0.738248 2.81899 
-1.5741 0.908242 2.45418 
-0.72 0.736081 2.32615 
0.570409 0.76131 2.77677 
0.552889 0.748707 2.90786 
0.583287 0.767111 2.8229 
-0.882153 0.674348 2.28689 
0.929782 0.702029 2.88148 
-1.08345 0.737123 2.46123 
-0.977964 0.736654 2.36511 
0.655223 0.747161 2.90552 
0.595834 0.192072 4.71699 
0.635001 0.75938 2.8323 
-2.5238 -1.24289 4.9859 
0.311421 0.757533 2.66184 
-1.42063 0.820769 2.74159 
-1.506 0.794413 2.48498 
-0.414731 0.770994 2.67869 
-1.34556 0.809255 2.66728 
0.333268 0.727921 2.81258 
0.297188 0.741045 2.83532 
-0.357366 0.75519 2.75079 
-0.429039 0.757639 2.73731 
0.840131 0.701397 2.92349 
0.474446 0.71435 2.91477 
0.425066 0.708602 2.88898 
0.378988 0.698074 2.84782 
-0.252291 0.715855 2.77517 
-0.348863 0.728728 2.802 
-0.402829 0.739129 2.81764 
-0.483129 0.728126 2.77162 
0.800643 0.667887 2.98277 
0.305063 0.690344 2.94616 
-0.311461 0.695181 2.84603 
-0.752131 0.461127 2.28968 
1.1381 0.63835 3.3542 
-0.135383 0.734782 2.81957 
0.0719886 0.691221 2.81035 
0.321747 0.703068 2.94995 
-1.40707 0.814864 2.55217 
-1.4874 0.807267 2.51723 
-1.5295 0.733003 2.44137 
-0.627001 0.768236 2.57749 
-1.47814 0.789245 2.57946 
-0.495229 0.766745 2.65511 
-0.395554 0.71501 2.85879 
1.0871 0.669323 3.17966 
0.030612 0.67668 2.81752 
-0.0516326 0.679471 2.86311 
1.45196 0.533762 3.93724 
-0.134544 0.703608 2.85979 
0.299108 0.722605 2.87395 
-0.477387 0.722177 2.75977 
0.384603 0.666446 2.8923 
1.16855 0.627649 3.35676 
0.159685 0.693278 2.88305 
-1.56803 0.785716 2.35581 
-1.51642 0.699058 2.15983 
-1.55327 0.682143 2.152 
-0.61089 0.772458 2.64362 
-1.52553 0.79989 2.4657 
-1.53795 0.662052 2.2145 
-1.5241 0.669291 2.16489 
-1.55732 0.661356 2.15427 
0.154037 0.733957 2.78017 
-1.52669 0.621538 2.16188 
-1.56056 0.614314 2.15201 
0.866167 0.681241 2.91555 
0.33874 0.695998 2.8357 
-0.210632 0.74349 2.80526 
0.873674 0.644907 2.93591 
-1.93029 0.689764 2.49732 
-0.749552 0.463959 2.25162 
-1.95925 0.630564 2.55699 
-1.89886 0.58685 2.45405 
1.28121 0.573826 3.61146 
-2.28338 -1.23497 2.58676 
-0.649668 0.722848 2.55465 
0.308456 0.728964 2.8659 
-0.00745476 0.695222 2.75396 
-0.186096 0.706415 2.8729 
-1.60465 0.832067 2.44442 
-1.47726 0.812325 2.52999 
-1.49451 0.792516 2.58239 
-0.833366 0.619293 2.24629 
-0.257234 0.750514 2.72689 
-0.310935 0.740159 2.72589 
0.109675 0.712777 2.80309 
-0.520605 0.700259 2.7425 
0.717186 0.711342 2.96565 
0.477502 0.692177 2.95932 
-0.215798 0.690833 2.8617 
0.72198 0.67638 2.98827 
0.0961605 0.676972 2.83659 
0.442914 0.698568 2.99083 
0.858603 0.667373 2.98286 
-2.17145 -1.36344 2.52427 
-2.18184 -1.36805 2.5278 
-1.80249 -0.221648 2.66051 
0.23724 0.731318 2.83056 
0.802058 0.653795 2.96962 
-1.78995 -0.214161 2.65694 
0.790109 0.666118 2.98796 
-0.85632 0.518136 2.2812 
-0.415652 0.714851 2.85808 
0.340431 0.686485 2.83999 
0.91314 0.639044 2.92017 
-1.36552 0.799115 2.62431 
-1.53123 0.720651 2.21255 
-1.53712 0.679795 2.21302 
0.128631 0.731585 2.76767 
-1.57279 0.621728 2.15384 
0.942607 0.669425 2.93604 
0.831272 0.676312 2.9172 
0.269024 0.726858 2.88916 
0.217756 0.720005 2.8606 
-1.57118 0.616225 2.23183 
0.340633 0.657965 2.8511 
0.136559 0.674763 2.82305 
-0.00404282 0.678908 2.80741 
-0.2587 0.687951 2.83638 
-0.481863 0.719257 2.76759 
-0.637741 0.688844 2.73263 
-0.704915 0.516665 2.28137 
0.981797 0.635537 3.03007 
-0.679322 0.677465 2.74305 
-0.718343 0.488678 2.29089 
1.11709 0.645654 3.24795 
-1.87255 0.612924 2.41389 
-0.806178 0.414644 2.16547 
-1.92548 0.540387 2.4661 
-1.92386 0.536512 2.45604 
-2.19368 0.323904 2.71505 
-2.16464 0.215312 2.64201 
-2.13097 0.159071 2.60795 
-2.15511 0.121659 2.59333 
-2.11498 -0.0623063 2.55817 
-0.350305 0.707801 2.83311 
-0.173147 0.693114 2.87827 
-0.087485 0.700578 2.87031 
0.0979733 0.681685 2.83068 
0.267152 0.715839 2.98773 
0.436967 0.704139 2.97128 
0.493049 0.702319 2.98274 
-0.383731 0.748633 2.74716 
-0.22706 0.760832 2.81024 
-0.174202 0.745794 2.84173 
-0.00513264 0.720053 2.69731 
0.05684 0.708722 2.69437 
0.13584 0.724557 2.83414 
-0.493733 0.769647 2.66208 
-0.452829 0.76901 2.67937 
-0.398352 0.772523 2.68062 
-0.35009 0.777852 2.70866 
0.224218 0.720108 2.98922 
-0.0909569 0.735042 2.81364 
0.808975 0.711577 2.96919 
-1.38505 0.816025 2.55721 
-1.44496 0.814875 2.53963 
-1.59463 0.776324 2.42707 
-1.38799 0.820528 2.67355 
-0.516552 0.724576 2.72662 
-0.561276 0.72031 2.70963 
-0.317305 0.744326 2.74629 
-0.260916 0.757499 2.75187 
0.76201 0.722182 2.98363 
-0.472738 0.740874 2.92416 
-0.418676 0.730113 2.90131 
0.291964 0.675861 3.04467 
0.988326 0.642849 3.04229 
-1.57735 0.616746 2.23992 
0.629182 0.687205 2.98586 
-0.472318 0.634196 2.97821 
-0.017939 0.722408 2.69945 
0.590677 0.690715 2.89412 
0.562933 0.665888 2.92935 
1.19998 0.612907 3.42869 
-2.07017 -0.597417 2.43666 
-1.58852 0.805912 2.47969 
-1.55301 0.803285 2.59575 
-1.10314 0.704848 2.50186 
0.192834 0.73361 2.78354 
0.0631126 0.712445 2.70652 
-0.293683 0.7366 2.73405 
-0.214574 0.714196 2.83643 
-0.753462 0.41631 2.19896 
-1.56804 0.718929 2.39223 
-0.413961 0.749482 2.74118 
-0.467695 0.74701 2.72398 
-1.11588 0.707474 2.52077 
0.183343 0.725668 2.85612 
-0.0657575 0.723744 2.79448 
-0.235146 0.72459 2.79273 
-1.45548 0.793096 2.60047 
-1.46979 0.790365 2.58121 
-1.55318 0.789173 2.61459 
-0.617641 0.767731 2.65589 
-0.629842 0.761062 2.64622 
0.0871422 0.71686 2.74413 
-0.290982 0.710213 2.78039 
-0.504688 0.719152 2.9038 
0.966972 0.672396 2.9345 
0.853672 0.665 2.98628 
0.491821 0.698397 2.98 
-0.25086 0.700972 2.84826 
-1.59688 0.821316 2.48324 
-1.59787 0.786549 2.4326 
0.0410548 0.695292 2.74895 
0.52332 0.722817 2.95183 
0.306619 0.728408 2.90886 
-1.44579 0.819851 2.69596 
-0.446795 0.742916 2.80886 
0.926814 0.66766 2.97766 
-1.30936 0.802548 2.62811 
-0.0572449 0.745201 2.75905 
0.550723 0.707626 3.01847 
-1.32776 0.751509 2.76777 
-1.32876 0.76154 2.75488 
-0.481607 0.742555 2.84582 
-0.509634 0.740881 2.73629 
0.687852 0.713059 3.05934 
0.774478 0.686016 3.04241 
0.595413 0.700764 2.99832 
-0.0893952 0.755709 2.80058 
0.446309 0.69237 2.98746 
0.681396 0.717465 2.98975 
0.672741 0.732503 3.01568 
-1.48327 0.813868 2.83035 
-0.56197 0.716071 2.97146 
0.582693 0.716774 2.9731 
0.624456 0.760033 3.00404 
0.381645 0.695376 2.95026 
-0.13371 0.772937 2.80367 
-0.856574 0.648369 2.29112 
-0.59384 0.702848 2.80081 
-0.685779 0.646747 2.45464 
-0.666729 0.686981 2.42596 
-0.740077 0.682713 2.37734 
-0.809761 0.691885 2.36565 
-0.66712 0.673507 2.4409 
-0.76118 0.677042 2.41403 
-1.21585 0.721305 2.64043 
-0.677938 0.656925 2.47732 
-0.697902 0.636789 2.3876 
-1.21531 0.72047 2.64157 
-0.696101 0.633249 2.372 
-0.789835 0.683789 2.43937 
-0.657557 0.710306 2.48844 
-0.659068 0.706927 2.50369 
-0.824707 0.648528 2.29958 
0.0982454 -2.71611 5.00861 
-1.58659 0.616093 2.31383 
-1.8763 0.484462 2.66913 
1.67522 0.266846 4.41645 
-1.59877 0.639832 2.37442 
-0.955661 0.705165 2.368 
-2.23217 -2.07746 3.79182 
-1.20654 0.709475 2.66554 
-1.50217 0.848347 2.79322 
-0.935527 0.659767 2.35945 
0.896161 0.669943 3.05807 
-0.268437 0.689589 2.94623 
-2.21643 -2.099 4.02312 
0.969433 0.645555 3.0517 
-0.0407222 0.710777 2.76867 
-0.0821136 0.700998 2.8502 
1.10933 0.640469 3.32774 
-1.41884 0.814037 2.75409 
1.08131 0.604979 3.41049 
0.958488 0.627051 3.13378 
-1.57891 0.652363 2.30646 
0.956338 0.62974 3.12967 
0.962163 0.554504 3.469 
-1.61314 0.744634 2.72043 
-0.236063 0.677102 3.01298 
-0.386934 0.686172 2.99878 
0.627182 0.658678 3.21621 
0.37966 0.677961 3.14426 
-0.764403 0.401804 2.20122 
-0.315496 0.686487 3.03517 
0.330598 0.672615 3.12726 
0.000903955 0.669076 3.08251 
-2.15604 -0.673374 3.05301 
-0.414197 0.682316 2.97409 
0.177866 0.673614 3.09978 
0.128042 0.676569 3.15083 
0.132636 0.681739 3.15391 
0.943109 0.633794 3.13034 
-2.07823 -0.638826 2.46777 
0.23806 0.674855 3.11706 
0.577282 0.639681 3.22439 
-0.541377 0.657308 3.07862 
-2.15034 -0.206194 2.67747 
-2.1438 -0.177731 2.67182 
-1.61147 0.759449 2.65082 
-1.9168 0.726816 2.5632 
0.862082 0.651543 3.17219 
0.972282 0.599847 3.19209 
-1.93261 0.584374 2.57901 
-1.9198 0.52185 2.5459 
-1.95642 0.524564 2.54581 
-1.91775 0.514841 2.54359 
-2.18332 0.347126 2.75037 
-2.18155 0.050285 2.7248 
-2.19806 0.0322167 2.74021 
-2.17951 -0.129224 2.72928 
-1.55669 0.767334 2.66837 
-2.00652 -1.27761 2.54333 
0.522972 0.673052 3.15937 
0.399767 0.673066 3.15009 
-0.580137 0.681635 3.04653 
-0.365987 0.680086 3.01163 
0.950025 0.614603 3.18474 
0.549987 0.34874 4.57599 
-0.271213 0.653498 3.07958 
-2.12808 -1.02781 2.50981 
-2.11451 -0.978586 2.46694 
-0.056243 0.710314 3.08449 
0.530484 0.640844 3.20514 
-0.372141 0.646865 3.04779 
-2.2448 -1.12849 2.59552 
1.15472 0.600616 3.46372 
-2.11412 -0.064296 2.60283 
0.624527 0.662437 3.1175 
0.468839 0.680909 3.11004 
-0.00686961 0.644189 2.8255 
-1.60181 0.717296 2.6717 
0.962295 0.626448 3.11681 
0.935784 0.633745 3.26157 
-0.953324 0.716953 2.9823 
0.622659 0.641339 3.23838 
-0.383826 0.644294 3.028 
-1.99493 0.655741 2.64289 
-1.97393 0.504532 2.5152 
-2.19444 0.34693 2.83112 
-2.2074 0.232847 2.71738 
-2.14851 0.0368008 2.62957 
-2.15004 0.0363147 2.62472 
-2.12119 -0.173824 2.57706 
-2.18879 -0.368657 2.63188 
-2.15572 -0.509847 2.55561 
-1.52298 0.639005 2.38555 
-0.46325 0.683811 2.99895 
-0.411266 0.684858 2.99962 
-1.61581 0.726674 2.71008 
-0.491215 0.672163 3.02149 
0.570202 0.675809 3.17486 
0.301411 0.670353 3.17422 
-0.00638192 0.675302 3.08165 
0.0700736 0.678728 3.12926 
0.116988 0.704905 3.11557 
-0.703737 0.714259 3.05072 
1.01932 0.615445 3.2423 
-1.38828 0.59844 2.76177 
-2.14681 -0.174797 2.60902 
-0.648657 0.711886 3.0385 
0.758639 0.656315 3.0912 
0.421772 0.662354 3.06876 
0.779111 0.61357 3.15634 
0.737542 0.619386 3.15212 
0.67122 0.637109 3.18354 
0.61427 0.633909 3.20748 
-1.56656 0.6356 2.27269 
0.885405 0.648071 3.10795 
0.59495 0.674359 3.14293 
0.174207 0.676574 3.06718 
0.158643 0.681176 3.07216 
0.0230968 0.666782 3.03018 
-1.85836 0.699845 2.5282 
-1.93103 0.68545 2.57433 
0.833577 0.622582 3.20214 
0.694715 0.63498 3.21074 
0.436537 0.639703 3.16425 
0.398068 0.648463 3.18081 
0.344683 0.651278 3.1639 
0.251464 0.657235 3.14953 
-0.334518 0.631172 3.08128 
1.10994 0.582936 3.48537 
1.20519 0.558616 3.59293 
0.977663 0.554804 3.48696 
-2.27181 0.389995 2.75332 
1.35408 0.444864 4.40459 
-2.12874 0.0870795 2.58097 
-2.09814 -0.0433692 2.54528 
-2.18625 -0.357 2.60743 
-1.52565 0.779277 2.64934 
-1.6019 0.768974 2.66407 
-1.58364 0.694234 2.41256 
-1.50491 0.640101 2.38991 
-0.15157 0.688848 3.07272 
-0.182738 0.673085 3.05386 
-0.448706 0.656293 3.0399 
-2.16522 -0.482514 2.6725 
-1.59663 0.662266 2.41804 
-1.5005 0.623903 2.38539 
-0.52112 0.683079 3.00083 
-0.710978 0.698643 3.06275 
-0.0246874 0.67319 2.83759 
-0.803149 0.50356 2.24093 
-0.197015 0.681972 3.01662 
-0.26658 0.677972 3.0426 
-0.336312 0.684042 3.03265 
-2.19781 0.330236 2.85115 
-2.2087 0.298408 2.86311 
0.909609 0.65772 3.19954 
-1.36206 0.717755 2.77536 
-0.428192 0.642854 2.98733 
0.898587 0.631593 3.15075 
-0.32749 0.628647 3.12256 
1.26179 0.546848 3.74786 
0.785013 0.662704 3.19148 
0.90765 0.646272 3.30266 
0.72251 0.670246 3.2152 
0.225571 0.686138 3.13726 
0.82793 0.657966 3.19649 
-2.17579 0.121502 2.68558 
-2.11314 0.0820101 2.58884 
0.426543 0.67401 3.10641 
0.259906 0.678026 3.16566 
-2.09184 -0.635474 2.49695 
0.722804 0.669494 3.18073 
1.19226 0.591068 3.59634 
-1.4243 0.72941 2.74291 
-1.37889 0.699566 2.75557 
0.790703 0.632612 3.27407 
-2.13509 0.490136 2.66048 
-2.16574 0.472789 2.71197 
0.0434692 0.674044 3.06817 
0.396949 -0.818035 3.94094 
-1.35246 -2.23195 4.02712 
-0.745932 0.512283 2.22349 
-0.757208 0.470402 2.2063 
-1.52029 0.689322 2.41961 
-0.773994 0.502268 2.21071 
-0.486465 0.648742 3.06473 
-2.26335 0.445451 2.78954 
-0.752431 0.498853 2.20558 
-1.64353 -0.742365 2.64398 
-0.912507 0.565819 2.29593 
-0.751601 0.470203 2.20896 
-2.54202 -1.34532 5.03015 
-0.720914 0.644053 2.54226 
-1.75641 0.484329 2.68565 
-1.56664 0.520499 2.45102 
-2.52633 -1.40836 4.98912 
-0.527602 0.641787 3.01328 
-0.724881 0.613927 2.45256 
-1.6828 -0.386198 2.64767 
-1.51214 -2.18787 4.53931 
-1.66674 -0.822994 2.75654 
-2.03969 0.700905 3.57757 
-1.57195 0.769469 2.54799 
0.338861 0.66825 2.99239 
0.703045 0.688012 3.13909 
0.263323 -0.674622 3.95626 
0.476371 0.660709 3.14861 
0.477972 0.66034 3.16048 
0.778936 0.656153 3.17384 
-2.1496 -0.233032 2.63563 
-2.15026 -0.291139 2.66581 
-2.20285 -0.346642 2.66826 
-2.13673 -0.46939 2.60347 
-2.1199 -0.478266 2.57687 
-2.20565 -0.557749 2.71862 
-2.16848 -0.608486 2.71289 
-2.09769 -0.693517 2.62488 
-2.111 -0.712913 2.60973 
-2.04636 -0.799429 2.55795 
-0.418417 0.619197 3.34855 
-1.58864 0.664567 2.59575 
-2.06125 0.239847 2.85388 
-1.73347 0.614832 2.5315 
0.298685 0.628813 3.36049 
-2.21618 -0.549892 2.75833 
-0.771659 0.686288 2.92576 
0.486636 0.638712 3.22169 
0.780758 0.618384 3.38443 
-0.118619 0.604967 3.30159 
-2.10182 -1.05514 2.55104 
-0.831249 0.692116 2.95307 
0.795957 0.582875 3.47097 
-1.53429 0.544202 2.41331 
-0.398655 0.625797 3.33374 
-2.08805 -1.42105 2.55296 
-1.59884 0.63577 2.56274 
0.675626 0.620694 3.44744 
-1.78749 0.650484 2.54331 
-0.248569 0.639408 3.2568 
0.62686 0.624835 3.44142 
-0.317617 0.65797 3.08426 
-2.06813 -1.45895 2.41955 
-0.653293 0.72605 3.05148 
-0.65606 0.725864 3.0511 
-0.0345828 -0.0568216 3.93685 
-2.07288 -1.46541 2.4217 
-2.04872 -1.44551 2.37619 
-2.30034 -1.2201 2.56585 
-1.52358 0.555953 2.39861 
0.704354 0.635291 3.34718 
0.38325 0.620152 3.20741 
-0.0588152 0.652384 3.15244 
-1.72836 0.616605 2.53077 
0.0425117 0.632372 3.25533 
-0.117498 0.632101 3.24129 
-0.166944 0.630155 3.26357 
-0.26112 0.638036 3.25214 
-1.09385 0.668376 3.09455 
-2.19987 0.385098 2.75149 
-2.15462 0.380343 2.84031 
-2.16383 0.197058 2.87833 
-2.25978 0.20817 2.84808 
-2.2117 -0.00966139 2.77848 
-2.14872 -0.0682098 2.69047 
-2.17845 -0.115126 2.67017 
-2.14215 -0.136334 2.60763 
-2.1484 -0.273487 2.66471 
-2.1848 -0.33502 2.65162 
-2.2302 -0.422762 2.68439 
-2.14493 -0.496931 2.63757 
-2.21451 -0.560837 2.7251 
-1.50527 0.595085 2.38361 
-0.832774 0.689643 2.95131 
-0.0214762 0.666767 3.12029 
-2.0848 -1.36827 2.40722 
-1.50078 -0.557881 2.60515 
-0.0964381 0.650597 3.14594 
-2.14169 -1.1427 2.56721 
-2.04255 -1.6381 2.59931 
0.211508 0.640126 3.19193 
-2.13117 -1.1815 2.55408 
0.142056 0.671432 3.18338 
0.277221 0.631516 3.35772 
1.01474 0.592311 3.34491 
-2.07185 -1.43845 2.43025 
-0.725995 0.688425 2.96583 
-2.03943 -1.45068 2.44009 
-2.13643 -0.154207 2.61107 
-2.15029 -0.613874 2.64182 
0.0812058 0.678743 3.17568 
0.0725797 0.676471 3.15755 
-1.74607 0.62154 2.54355 
0.224473 0.62905 3.32756 
0.069441 0.639135 3.24094 
-0.326614 0.60013 3.34494 
0.224497 0.624937 3.17231 
0.926529 0.608447 3.33483 
0.787392 0.617156 3.29008 
0.656904 0.624595 3.33191 
0.590328 0.61764 3.28677 
0.546127 0.621542 3.27841 
-1.05204 0.689947 3.03242 
-1.92888 0.636266 2.61731 
1.06319 0.584277 3.47855 
0.812419 0.585031 3.39014 
0.518524 0.624057 3.42713 
-0.213013 0.637743 3.27739 
-1.04632 0.666559 3.11147 
-2.2686 0.303311 2.85916 
-2.20431 0.135592 2.81315 
-2.18114 -0.109347 2.71547 
-2.16152 -0.250193 2.70709 
-2.06124 -0.322154 2.69729 
-2.23257 -0.446539 2.78651 
-2.09823 0.297197 2.88498 
-2.11527 0.076753 2.82303 
-2.0624 -0.0739697 2.75986 
-2.05215 -0.0255944 2.75034 
-2.06775 0.0244804 2.76986 
-2.17006 0.247429 2.89951 
-2.25375 -1.16735 2.59022 
-0.0747873 0.693412 3.1275 
-0.66284 0.728821 3.09699 
0.260926 0.642818 3.23192 
-0.103304 0.651167 3.14445 
-0.327246 0.624344 3.36065 
-2.17173 0.381595 2.91198 
-2.14327 -1.24315 2.56575 
-2.17439 0.273568 2.90194 
-2.08488 -0.692229 2.63911 
-2.15533 -1.25202 2.5741 
-1.5902 0.618216 2.40826 
0.426477 0.630287 3.23046 
0.914247 0.569441 3.48293 
-1.54706 0.617448 2.38935 
-0.0928003 0.680897 3.11875 
-1.62916 0.601604 2.44958 
-1.55671 0.566343 2.41869 
0.111695 0.654836 3.25839 
-2.1101 -0.690634 2.54354 
0.949281 0.600668 3.40901 
-2.45486 -1.35357 4.34635 
-1.98896 -0.765533 2.54354 
0.175123 0.641142 3.19847 
0.900102 0.619627 3.46535 
-2.05064 -0.781592 2.49488 
-1.96524 0.70344 2.62424 
0.406187 0.606504 3.30159 
1.20673 0.554477 3.72733 
-2.28199 -0.501164 2.84892 
-0.700437 0.647344 3.18806 
-2.34179 -1.34346 2.62782 
0.40498 0.600882 3.28364 
0.508394 0.48541 3.95275 
0.458219 0.611334 3.33628 
0.0402995 0.307171 4.27315 
-1.92814 -1.50118 2.3916 
-1.59645 0.717638 2.63384 
-0.103478 0.687599 3.10405 
-1.92758 0.680231 2.62519 
0.813565 0.617112 3.33989 
-1.63456 0.564817 2.47915 
0.74961 0.594038 3.39406 
-1.15955 0.681242 3.09656 
1.16057 0.572282 3.62046 
1.11165 0.573041 3.60072 
1.06112 0.573374 3.58285 
0.834155 0.556178 3.44312 
-0.418694 0.62523 3.33193 
-2.21896 0.393957 2.75335 
-2.24784 0.186446 2.8415 
-2.24649 0.139919 2.78982 
-0.208885 0.663369 3.21313 
-2.19831 0.393188 2.80434 
-2.20131 -1.11682 2.60389 
0.883586 0.629342 3.34429 
-2.08047 0.455059 2.89309 
-0.403748 0.65541 3.26208 
-0.457826 0.652181 3.29592 
-0.963661 0.238027 5.3416 
-0.207376 0.66333 3.12871 
0.762517 0.638232 3.32091 
-2.32159 -1.37531 2.61572 
-0.55 0.713635 2.99483 
-1.67031 0.577636 2.51704 
-1.93826 -0.859331 2.48367 
1.39622 0.47977 4.40455 
-2.07508 -0.823035 2.57041 
-1.79803 -1.76955 2.80317 
-2.14855 -1.79277 2.78058 
1.50262 0.463855 4.39611 
1.52249 0.409454 4.44376 
-2.20133 0.0327236 2.80369 
-2.181 -0.132153 2.77853 
-2.22795 0.0827456 2.80712 
-1.75856 0.524775 2.64436 
-2.21265 0.0745429 2.79176 
0.698476 0.53636 3.51994 
-1.43257 0.664904 2.79005 
-1.98161 -0.830124 2.5259 
0.567873 0.624272 3.41968 
-1.01368 0.697436 3.10454 
-1.81336 0.536979 2.67472 
-2.39157 -1.4678 4.22773 
-1.65322 0.809909 2.91637 
-1.8336 0.539657 2.67622 
-1.56861 0.621123 2.51018 
-2.17511 0.459715 2.93579 
-2.08296 -1.79833 2.78472 
-1.66751 -1.85326 2.93468 
-2.10027 -1.80791 2.79428 
-2.08083 -0.961817 2.48776 
-2.05004 -1.65116 2.61924 
-2.14909 -1.04541 2.56188 
-2.31049 -1.33414 2.6291 
-2.10528 -0.166309 2.63233 
-2.05176 -0.975012 2.54398 
-2.26127 -0.467609 2.84335 
1.24105 -0.713281 3.78007 
-1.55155 0.652353 2.49295 
-1.55686 0.660776 2.49959 
-2.03638 -0.999922 2.52134 
-1.53421 -2.24224 4.12488 
-1.76557 -1.82534 2.81856 
-1.79489 -1.82509 2.84709 
-1.75404 -1.8346 2.86917 
-1.79543 -1.76413 2.71521 
-1.70905 -1.82883 2.81158 
-2.0985 -0.683536 2.53826 
-2.08867 -1.26602 2.53161 
-2.00483 -1.26451 2.54402 
-2.15267 -0.621814 2.62236 
-2.25561 0.227904 2.90672 
-2.23682 0.200987 2.89048 
-2.40365 -1.34927 4.22844 
-2.03707 -0.772762 2.74777 
-2.03396 -0.763055 2.74565 
1.06083 -0.870983 6.65998 
-1.99603 -1.2533 2.52975 
0.174539 0.243072 4.36526 
-1.7961 -0.171066 2.90724 
-1.97359 -1.21456 2.52439 
0.115134 0.249341 4.29035 
-1.66236 0.569207 2.52869 
-1.47993 -2.27977 4.18855 
-1.62832 -1.83523 2.85956 
-1.6106 -0.469914 2.69425 
0.328504 -2.30888 3.65034 
-1.06352 -1.85121 2.95792 
-1.78934 -1.81482 2.75919 
-2.02626 -1.61141 2.55682 
-2.0806 -0.651927 2.63225 
-2.07462 -0.661042 2.63994 
-2.121 -0.319384 2.69873 
-2.11577 -0.296512 2.69426 
-2.06672 -0.276362 2.70336 
-2.13588 -0.227374 2.7236 
-2.08282 -0.223469 2.72552 
-2.10727 -0.17422 2.75206 
-2.13572 -0.12269 2.75638 
-2.16346 -0.0683988 2.77696 
-2.1566 -0.0200768 2.79062 
-2.22127 0.0870374 2.85744 
-2.1899 0.131725 2.85565 
-1.94862 0.671207 2.65518 
-2.22093 -0.578642 2.78048 
-1.87178 0.575764 2.56935 
0.344528 0.636945 3.24157 
-0.0134453 0.654743 3.18178 
-0.147483 0.65613 3.13229 
0.341545 0.623445 3.34835 
-2.05896 -1.35478 2.44759 
-2.15857 0.0324225 2.80967 
-2.07511 -0.352323 2.70038 
-1.67971 0.631625 2.45188 
0.498512 0.633604 3.26363 
0.300826 0.641857 3.24494 
0.730068 0.621405 3.4549 
0.798706 0.57049 3.4714 
0.207116 -0.565923 3.8399 
-2.10811 -0.652769 2.61489 
-0.144026 0.667367 3.11137 
-0.361125 0.61831 3.33358 
0.357794 0.615762 3.32307 
0.859781 0.560907 3.46457 
-0.0217093 0.648792 3.1527 
-0.882456 0.703673 2.94538 
-2.07277 -1.40177 2.43854 
0.0258361 0.641762 3.16851 
0.841413 0.599865 3.42174 
-0.771458 0.682104 2.95187 
-2.11354 -0.720282 2.60389 
0.739845 0.636506 3.3254 
-2.01621 -1.51243 2.44719 
-2.01176 -1.49534 2.3946 
-2.14108 -0.617347 2.63873 
-2.19457 -0.377289 2.71389 
-2.11321 -0.387279 2.69166 
-2.1063 -0.40402 2.72479 
-2.16191 -0.317211 2.68127 
-2.16196 -0.183878 2.74869 
-2.17142 -0.0637962 2.7659 
-2.05983 -0.755323 2.52631 
-2.18118 -1.15518 2.59208 
0.953139 0.583242 3.3079 
0.132755 0.649716 3.35401 
-2.14183 -0.877438 2.54704 
-2.23712 -1.20846 2.58838 
-2.25143 0.261793 2.80946 
-2.23177 -1.2156 2.58501 
-2.16907 -0.074108 2.76483 
0.698279 0.596123 3.52903 
-0.496934 0.614624 3.46982 
0.642354 0.598588 3.51284 
1.20708 -0.743702 3.94135 
0.610572 0.62506 3.57013 
-1.81291 -1.83345 2.90728 
0.612435 0.581334 3.63781 
-1.01058 0.71759 3.05726 
-0.185989 0.609431 3.53572 
0.344989 0.578622 3.53593 
-1.83016 -0.0777628 2.97937 
0.654608 0.610686 3.55656 
0.670266 0.553515 3.61928 
-2.15799 -1.3402 2.55333 
0.344882 0.598349 3.4965 
1.46851 0.367301 4.7356 
-0.773641 0.688743 3.10154 
-0.782443 0.689461 3.10137 
-0.672501 0.659512 3.18669 
1.2446 0.53712 3.84351 
1.20975 -0.743237 3.91453 
-0.81137 0.670935 3.2031 
-1.60467 0.732983 3.33941 
1.17119 0.566089 3.74652 
0.800558 0.558022 3.57855 
0.297724 0.58427 3.50997 
-0.131936 0.590066 3.47621 
-0.544996 0.626271 3.47884 
-1.59137 0.651403 3.22107 
1.19668 0.538106 3.82568 
1.07766 0.531122 3.75266 
0.869545 0.5178 3.65432 
1.38389 0.490459 4.13564 
1.27107 0.486477 4.10173 
-0.66678 0.646379 3.36522 
-2.03609 -0.978937 2.57644 
0.848447 0.516199 3.66937 
1.30489 0.502515 4.14273 
0.865498 0.573008 3.52983 
-2.08474 -0.724149 2.88234 
1.50833 0.401685 4.68288 
1.17809 0.532529 3.93979 
1.26493 0.491534 4.10054 
-0.635138 0.664054 3.41445 
0.595002 0.627447 3.61869 
0.798566 0.523105 3.67999 
-1.63486 -1.85858 2.96528 
0.396777 0.59297 3.54635 
-1.62085 0.665981 3.26236 
-0.224809 0.630391 3.4818 
-2.48476 -1.22429 4.42084 
-2.47709 -1.2816 4.42675 
-1.75091 -1.87692 2.9631 
0.737903 0.590555 3.52172 
0.382506 0.608439 3.41803 
0.340928 0.616374 3.43105 
-0.0237018 0.635327 3.36473 
0.760681 0.57658 3.6182 
0.246501 0.586478 3.45933 
-0.176437 0.620366 3.46643 
-1.62801 0.537422 2.63102 
1.03151 0.528545 3.71791 
0.972199 0.531813 3.70166 
0.908069 0.522281 3.64814 
0.772464 0.532038 3.62623 
0.71583 0.540036 3.61923 
1.14661 0.48527 4.03656 
0.654493 0.421884 4.44604 
1.14318 0.276889 5.06708 
1.20545 -0.710647 3.91902 
-1.98917 -0.971865 2.60142 
-2.03424 -1.16073 2.54078 
-2.05333 -1.17831 2.54819 
-1.96289 -1.46571 2.48324 
-1.64722 0.564404 2.58785 
-2.00045 -0.948052 2.61875 
-1.98921 -0.966306 2.60387 
-2.00092 -0.940239 2.62794 
-1.61827 0.674325 3.42715 
-1.59286 0.696569 3.31872 
-1.99655 -0.927951 2.62171 
-0.752978 0.0579907 5.79729 
-1.59998 0.622097 2.5522 
-0.0790869 0.592314 3.32549 
-1.86082 0.741635 3.21073 
-1.35685 -2.24059 4.10082 
-1.50468 -0.53564 2.66427 
-2.11673 -0.71963 2.97326 
-2.27457 -0.483816 2.92062 
-0.617769 -2.73093 5.47209 
-0.625818 -2.71441 5.41219 
-1.55937 -1.90213 3.02669 
-1.61053 -1.96927 3.09313 
-1.63411 -1.9308 3.04179 
-1.66196 -1.90303 2.99838 
1.2496 0.524749 3.9119 
-1.43891 -1.93415 3.07647 
-1.40399 -1.91321 3.05265 
0.118315 0.298812 4.33438 
-2.11672 -0.915917 2.9672 
-2.11898 -0.925412 2.97136 
-0.0341797 0.638471 3.30003 
-0.0133686 0.591878 3.39888 
-2.24183 -1.56206 3.74737 
-2.11457 -0.920467 2.96406 
-0.42889 0.60053 3.43793 
0.560425 0.47274 3.89629 
1.11864 0.531904 3.91112 
-0.604659 -0.684177 5.85568 
-2.47502 -1.16968 4.47351 
0.971151 -2.7692 5.23019 
-1.14166 -0.158339 5.9754 
-1.51455 -1.98603 3.10261 
-1.31521 -1.86911 2.99347 
-2.24 -1.30645 2.60975 
-0.924445 0.693417 3.24141 
-0.864331 0.681463 3.22411 
-0.165845 -0.00808173 4.05714 
-2.06359 -1.32293 2.53311 
1.46923 0.501075 4.45296 
1.17239 0.450251 4.42173 
1.13665 0.541501 3.90308 
0.259185 -2.40349 3.77539 
1.39803 -2.56112 4.14831 
1.39173 -2.56595 4.1582 
-0.598896 0.667373 3.09053 
-0.910908 0.675925 3.00232 
-0.649132 0.677147 3.10241 
-0.885897 0.672463 3.00383 
-2.00458 -1.10265 2.51032 
-0.666229 0.690388 3.125 
-0.614788 0.666798 3.11622 
-0.852899 0.681416 3.0418 
1.42026 0.443351 4.41379 
1.52623 0.327302 4.663 
-1.8556 -0.482056 2.76113 
-0.827783 0.692642 3.07909 
1.57738 0.449833 4.52496 
1.39643 0.500558 4.15099 
-1.76174 -0.0695646 3.08048 
1.44733 0.337328 4.69339 
-2.41943 -1.70829 4.48414 
-2.2158 -0.566031 2.89149 
1.54752 0.388873 4.71942 
-1.73408 0.158789 3.23759 
-1.72305 -0.282907 2.72535 
1.39934 -2.61953 4.1287 
0.493304 0.572338 3.59198 
-2.15053 -1.3382 2.55099 
-2.12485 -0.637689 2.71407 
-2.079 -1.37094 2.54974 
0.00549191 0.620672 3.33242 
-0.527474 0.655679 3.42334 
-2.12558 -1.38213 2.54181 
0.47866 0.613346 3.5043 
0.0783888 0.603493 3.42837 
-2.05243 -1.37727 2.47052 
-2.04972 -1.3727 2.46438 
-1.55906 0.55281 2.60736 
-0.775211 0.635091 3.26476 
0.555709 0.569435 3.66819 
0.844026 0.544181 3.57352 
-2.10677 -0.693235 2.69897 
-1.98808 -0.971943 2.60052 
0.376474 0.586316 3.45071 
-1.98849 -1.44489 2.4634 
-0.67855 0.607152 3.40904 
0.693812 0.580932 3.50263 
0.6495 0.586444 3.4875 
-1.83629 -0.1335 2.94967 
-1.98003 -1.07546 2.54231 
-2.0342 -1.19173 2.53328 
0.298773 0.602802 3.43809 
-0.0450022 0.597965 3.36541 
0.929372 0.536637 3.57452 
0.885055 0.546156 3.58503 
0.437596 0.566032 3.53639 
0.391693 0.564062 3.55459 
-0.48432 0.609153 3.46475 
0.0894463 0.318939 4.27109 
0.249367 0.246514 4.30367 
0.842102 0.54136 3.58842 
0.166399 0.631585 3.39805 
-1.54141 0.584928 2.58122 
-0.0611708 0.629934 3.32974 
0.650506 0.545796 3.54403 
-1.6147 0.570661 2.60258 
-2.16826 -0.657835 3.00223 
-0.577147 0.633291 3.46535 
-0.803409 0.660047 3.22294 
-2.03726 -1.19399 2.53398 
-2.04468 -1.20273 2.54107 
1.32781 0.543742 3.94472 
-2.04735 -1.2913 2.5163 
-2.15371 -1.33753 2.55136 
0.0908089 0.61454 3.39617 
-0.592667 0.661111 3.4134 
-0.521402 0.579821 3.5705 
-1.97504 -1.09389 2.5548 
0.549622 0.602944 3.56308 
0.0277507 0.600012 3.36105 
-2.03797 -1.15944 2.53577 
-0.939808 0.693986 3.22842 
-1.60601 0.572849 2.61185 
0.420881 0.600759 3.42948 
0.248431 0.595863 3.41544 
0.190466 0.592178 3.42049 
-1.62516 0.499159 2.58928 
-2.02589 -1.22493 2.52213 
-2.2863 -0.557421 2.91847 
-2.057 -1.42858 2.51162 
-0.486006 0.64319 3.39746 
-0.568496 0.652292 3.43114 
0.259324 0.245914 4.31773 
-0.683745 0.69965 3.14332 
0.777419 0.561331 3.61361 
-2.10192 0.341148 2.89698 
-2.20404 0.36376 2.94335 
-2.02655 -1.40336 2.44461 
-1.57234 0.652872 3.40963 
-2.16869 -0.981472 2.63243 
-0.101707 0.631953 3.29279 
-1.98598 -1.43791 2.45224 
-2.32675 -0.533085 2.94775 
-0.983331 0.687414 3.19822 
-1.02963 0.712696 3.0505 
0.603209 0.611588 3.52815 
0.136179 0.594798 3.43142 
-0.582821 0.620748 3.45118 
-1.97601 -1.00369 2.55464 
-0.00062452 0.612853 3.35503 
0.761083 0.596293 3.5491 
0.0257238 0.602186 3.40203 
-0.738378 0.660693 3.16702 
-0.718271 0.631519 3.27357 
-2.14255 -0.696066 3.00296 
-0.726815 0.610237 3.30401 
-2.06731 -0.737299 2.89744 
-1.1828 0.653727 3.17057 
-2.12247 0.756434 3.50043 
1.04157 -0.719688 3.84506 
1.11357 -0.752062 3.90803 
0.0496502 -2.79857 4.97487 
-1.512 -1.98787 3.14168 
1.37239 0.427778 4.62481 
-1.1916 0.641863 3.17273 
-1.64204 0.613859 3.33647 
-1.62634 -2.2335 4.27785 
1.13106 0.503606 3.97802 
1.23107 0.488815 4.29931 
0.0880377 -0.00850067 4.02023 
-1.02243 0.445433 4.32183 
-0.428285 -2.68694 5.59302 
0.732632 0.453157 3.90981 
-2.42221 -1.70996 4.55694 
1.26364 0.450591 4.36922 
-1.59974 -0.382026 2.57656 
1.33247 0.235772 5.50084 
-1.30743 0.502352 3.15281 
1.18292 0.301395 4.93404 
-0.649377 0.631172 3.46422 
-0.828258 0.641141 3.27884 
-0.923257 0.637823 3.23884 
-1.7961 -0.288275 2.78616 
0.496567 0.468055 3.87531 
-2.16514 -1.06703 3.06426 
-1.88427 -1.78571 2.87984 
-1.33716 -1.89663 3.05474 
-1.61665 -0.672767 2.58132 
-1.61473 -0.67847 2.58506 
-1.61638 -0.675848 2.71669 
-2.39332 -1.32362 4.17355 
-1.60641 -0.32088 2.6285 
-0.633799 0.627589 3.47327 
-1.13393 0.643802 3.17313 
0.676711 0.465712 3.93006 
0.00288073 0.572743 3.47751 
0.796536 0.356361 4.51101 
-0.730241 0.615865 3.40488 
-0.0638516 0.577742 3.47001 
1.17112 -0.743324 3.94058 
1.10376 -0.72915 3.89262 
-1.31694 0.527128 3.25033 
-0.780037 -0.048027 5.92076 
-0.287599 0.598755 3.48861 
-1.20111 0.656161 3.17368 
-1.3152 0.528258 3.25775 
-1.73068 0.411754 2.89386 
1.45294 0.427048 4.67947 
-0.688283 0.650194 3.35852 
-1.07831 0.646863 3.21178 
-1.59723 -1.87538 2.99397 
1.11899 -0.736234 3.93064 
-1.05873 0.66089 3.24696 
0.44739 0.551263 3.60688 
1.04959 0.514393 3.89816 
0.941927 0.504631 3.74791 
-2.05064 -0.744732 2.88562 
-1.59834 -1.89581 3.07825 
-1.57313 -2.0156 3.48739 
-1.61472 -0.336393 3.03381 
1.36368 -2.63664 4.48226 
0.437582 0.528232 3.67943 
0.27305 -0.501529 3.86244 
-1.81418 -1.90235 3.03811 
-0.410564 0.533368 3.9846 
-1.44253 -1.93987 3.13372 
0.0773061 -0.00950471 3.99471 
0.114727 -2.82311 4.99706 
-1.7504 -1.89365 3.03841 
1.38412 -2.78397 4.94149 
-0.773007 -2.51569 5.00998 
-1.7527 -0.213926 2.80093 
-1.36252 0.500507 3.23661 
-1.61204 0.610271 3.25848 
-2.07589 -1.97977 3.40067 
-1.47494 -0.392234 2.5475 
-2.19133 -0.661743 2.9895 
0.61779 0.544446 3.69914 
1.37938 0.372411 4.69644 
-2.33224 -1.84009 4.39887 
-1.25373 0.587841 3.39637 
0.095971 0.338293 4.2878 
0.154707 0.509249 3.96572 
1.01338 0.49037 3.91691 
-1.59872 0.352595 3.17208 
0.448615 0.478824 3.90522 
1.00977 0.485495 3.92579 
0.924689 0.460344 3.81903 
-1.59673 -0.328108 2.95159 
-2.10989 -1.30268 2.92976 
-2.09259 -1.40583 2.67968 
-2.09645 -1.40886 2.68335 
-1.58558 -0.704267 2.65831 
-1.47301 -0.46043 2.4626 
-1.59135 0.385225 3.18377 
-1.17808 0.369584 4.80677 
-0.546904 0.334129 5.12788 
-1.60356 -0.421697 2.55598 
-1.69513 0.446811 3.08976 
-2.09759 -1.25869 2.87182 
-2.08779 -1.26773 2.86776 
-2.18756 -0.655947 2.97932 
0.728275 0.480661 3.89895 
-1.83854 -1.80605 2.90626 
-2.12885 -1.73985 2.76666 
0.190051 0.320907 4.2507 
-1.18979 0.547799 3.85657 
0.488923 0.54522 3.73134 
-1.64322 -1.88946 3.05284 
0.653817 0.492005 3.84268 
-2.49505 -1.1334 4.41678 
0.0861681 -0.0662773 3.92832 
-1.89808 -0.173549 2.89682 
1.11339 0.295785 5.20875 
-1.70985 0.384981 3.27551 
-0.467643 -2.60616 5.43597 
-1.14031 0.649129 3.22908 
-1.88978 -0.485584 2.76785 
-1.40958 0.651139 3.43191 
-1.54343 -2.35191 4.9077 
-1.98123 -1.82877 2.91218 
-2.00884 -0.565942 2.84717 
-0.328152 -2.59289 5.16577 
0.0312688 -0.0736481 3.9087 
-1.86279 -0.127091 2.85548 
-2.2886 -1.8001 4.26468 
-2.51926 -1.26769 4.82416 
-0.950076 0.561621 3.48816 
0.193086 0.543139 3.7454 
-1.29128 0.572009 3.37035 
0.35178 0.556616 3.64761 
-1.83531 -1.85873 2.97554 
0.204437 -0.398826 4.08495 
-2.01081 -0.0945555 4.34793 
0.0433009 0.556503 3.8005 
0.190666 0.575485 3.58057 
0.714453 0.520895 3.84271 
0.148795 0.581493 3.58489 
0.105344 0.555898 3.7374 
-1.02146 0.668628 3.33429 
0.662538 0.499381 3.88852 
0.157985 0.552129 3.69765 
-1.63317 0.376723 3.21797 
0.857062 0.508558 3.80084 
0.817526 0.520811 3.81415 
-0.0361386 -0.120688 4.02113 
-1.27475 0.133032 3.18818 
-1.52022 -1.94913 3.1522 
-1.54338 -1.94987 3.10952 
1.15776 0.488081 4.35804 
0.189755 -0.408178 4.03237 
0.888742 0.472253 3.71531 
0.689507 0.515808 3.83796 
-1.65699 -0.269088 3.102 
-1.65518 -0.2941 3.0941 
-1.17389 0.65343 3.23961 
-1.60531 0.613059 3.34669 
0.601718 0.251204 4.56971 
-1.67806 0.00160315 3.13647 
-0.415797 0.543503 3.98521 
-1.72597 0.390911 3.28242 
-1.70177 0.391605 3.2704 
0.606385 0.229011 4.57204 
0.156737 -0.393783 4.09666 
-0.607062 -0.619173 5.96278 
1.28016 0.423602 4.70238 
0.712327 0.548139 3.74986 
0.664079 0.5463 3.73109 
0.857563 0.444407 3.74009 
0.0504568 0.545675 3.76202 
-1.34141 0.597087 3.33063 
1.09196 0.476527 4.30725 
-2.47203 -1.51988 4.4761 
-0.461116 0.512509 3.88268 
1.15363 0.303405 4.79886 
-0.678805 0.402635 4.32163 
-1.59067 -0.746678 2.69681 
-1.23384 0.562927 3.66577 
-1.78708 0.0852611 2.992 
0.268881 -0.136756 3.94946 
-0.0385478 0.359183 4.05811 
0.148178 0.535359 3.65651 
0.820628 0.469148 3.80841 
-0.727574 0.499886 3.76029 
-1.46545 0.520898 3.27144 
-2.10684 -1.43602 2.77661 
-2.08621 -1.37571 2.75301 
-2.1114 -1.44896 2.77499 
-2.08651 -1.37554 2.756 
-2.12666 -1.46331 2.78983 
0.431985 0.457749 3.82328 
-1.31349 0.54336 3.69544 
0.565274 0.438584 4.17918 
0.00717196 -0.0235018 3.88374 
0.579795 0.436515 4.22975 
-1.09268 -0.208215 5.97985 
-2.36397 -1.97659 4.27951 
-2.37209 -1.99164 4.31747 
-2.14443 -1.0722 3.00117 
-1.13167 -0.0516589 5.90978 
-0.978373 -0.101316 5.96711 
0.770722 0.461021 4.14041 
-2.10073 -1.37773 2.75919 
-1.62877 -0.796249 2.76752 
-1.63807 -0.805479 2.77487 
-2.18172 -1.91623 3.62535 
-1.58624 -1.95227 3.38691 
-0.874752 0.42836 4.35794 
-0.650571 0.316811 4.80041 
-1.72841 -0.214002 2.76321 
0.196716 0.504184 3.94628 
0.60547 0.413567 4.51795 
0.81403 0.424297 4.17536 
0.336757 -0.0615771 3.95637 
-1.0498 -0.191683 5.96605 
-1.0649 -0.204468 6.01312 
1.12643 0.382646 4.97625 
0.29775 0.555653 3.72033 
-0.89965 0.484001 4.28513 
0.401054 0.421007 4.03795 
0.597794 0.490666 3.80083 
0.534808 0.496751 3.80486 
0.256741 0.505457 3.73901 
-2.17041 -0.651683 2.95205 
0.406975 0.526124 3.64009 
0.311027 0.536752 3.78569 
-1.23166 0.524938 3.75912 
0.518225 0.543064 3.73486 
0.545765 0.554057 3.74997 
0.241438 0.511852 3.74635 
0.351974 0.533456 3.65192 
-0.921506 0.530378 4.24254 
0.0147439 -0.123762 4.045 
0.238171 0.550142 3.71803 
0.372139 0.525858 3.64768 
-0.873672 0.483856 4.31369 
-1.68576 -1.86884 3.02387 
-1.1249 0.633855 3.53037 
1.41899 0.254022 5.0868 
-0.528932 0.489396 4.13375 
0.204926 -0.443459 3.89998 
-1.99684 -0.428121 2.84115 
-2.03524 -0.560797 2.84392 
-1.01267 0.451804 4.37167 
-0.975907 0.48151 4.30125 
-2.09608 -0.278298 4.32812 
-1.48862 -0.513555 2.59579 
-1.5826 0.0784006 3.08938 
-1.58713 0.0828065 3.09775 
-2.10202 -1.23919 2.88867 
1.3529 0.260802 5.05085 
-2.48053 -1.53447 4.53376 
-1.65664 -2.31147 4.88009 
-1.3146 0.630222 3.38995 
-1.74314 0.360831 2.92888 
-2.07802 -1.31278 2.76606 
-2.01067 -0.918582 2.6451 
-0.593219 0.485684 4.05674 
-0.744649 0.129859 5.70073 
-0.50023 0.487658 3.90894 
-0.799185 0.432337 4.33879 
-2.69334 -2.22631 6.02753 
1.37478 -2.91587 4.96711 
-2.22346 -0.543732 4.37724 
0.508073 0.438493 4.19535 
-1.28944 0.542972 3.35365 
0.331124 0.514541 3.79221 
0.710205 0.428673 4.51112 
0.710626 0.432311 4.50882 
0.785341 0.479645 3.83451 
-1.29766 0.531418 3.73924 
-0.984616 0.55881 3.51819 
-0.0913549 0.0414245 4.02647 
-0.0751964 0.570259 3.52612 
0.34253 -0.272288 3.85489 
0.190104 0.533697 3.63246 
0.082563 0.554924 3.66826 
-1.26936 0.558276 3.39895 
0.806209 0.460989 3.88353 
0.0716145 0.506293 3.97406 
-1.01286 0.652388 3.32503 
0.155883 0.511106 3.75137 
-0.944542 0.535178 4.24528 
0.104566 0.511972 3.97429 
0.236418 0.562039 3.6285 
-0.253039 0.571986 3.68353 
-2.28836 -0.554311 4.42028 
0.78951 0.438252 4.2011 
0.743586 0.467012 3.87298 
0.179259 0.501612 3.72688 
-0.194166 0.521344 3.73525 
-0.307229 0.539911 3.72901 
-0.875772 -0.039533 5.93346 
-0.0990359 -0.0553029 3.90845 
-1.40383 0.531889 3.85676 
-0.965648 0.629738 3.35684 
-2.13349 -1.01259 3.00569 
-1.74709 0.343464 3.01246 
-2.07534 -1.28475 2.81948 
-1.6019 -2.0092 3.48533 
-0.844184 0.612045 3.37002 
-1.69084 -0.861405 2.82525 
1.3061 -2.90859 5.30083 
-2.37868 -1.55572 4.20237 
1.38864 -2.68226 4.8865 
-1.85927 -0.434151 2.76604 
-1.0946 0.656806 3.34728 
-2.41524 -2.00799 4.28328 
-1.83321 -0.18126 3.62821 
1.2246 0.0864625 5.82009 
-0.862891 0.135134 5.71878 
0.372676 -0.798278 3.77918 
0.744709 -2.73714 5.00173 
-2.23089 -2.32089 4.15533 
-1.26374 0.476813 3.9412 
-2.50551 -1.45779 4.78721 
-2.12283 -0.636736 2.95524 
-0.792429 0.60898 3.40123 
-0.239641 0.617667 3.55886 
-2.07221 -1.28467 2.80636 
-0.333554 0.60951 3.51846 
-1.58661 -2.00607 3.46885 
-0.580803 0.432937 4.21257 
0.531816 0.435464 4.29045 
-1.27307 0.65235 3.32672 
-1.83911 -0.395076 2.76691 
-2.5706 -1.14125 5.11005 
-1.09429 0.641355 3.3486 
-2.08317 0.386081 2.89196 
-1.77326 -0.339803 2.74902 
-1.29895 -2.26681 4.30697 
-2.17701 -0.606359 4.3465 
-2.16869 -1.00685 3.21027 
-1.79615 -0.337717 2.75519 
-0.0780482 -0.451138 3.91125 
-2.24202 -2.09808 3.86969 
-0.679792 0.109253 5.966 
0.188293 -0.636201 3.79248 
0.137591 -0.655319 3.85882 
-2.78482 -1.57482 6.12389 
-1.00254 -0.0495846 5.86473 
-0.188537 0.567393 3.6984 
0.280138 0.556437 3.63718 
-1.24295 0.567291 3.43746 
-1.27602 0.562335 3.62508 
1.20465 0.368739 4.7932 
-0.931161 0.427057 4.30137 
-2.31558 -0.546408 4.44805 
-2.05642 -1.14062 2.84414 
-0.923173 0.447979 4.32379 
-1.44348 -1.97655 3.47717 
-2.21255 -0.63581 2.95614 
0.670765 0.242402 4.5939 
0.137335 0.559248 3.60542 
-0.00907353 0.559227 3.61373 
-0.0384314 0.558672 3.51942 
0.235772 0.489547 3.71952 
-1.18981 0.590809 3.56643 
-1.56827 0.551833 3.24266 
0.541122 0.453327 4.0756 
-1.77803 0.422939 2.89967 
-2.0063 -0.725802 2.83959 
-0.165065 -0.0596426 3.88032 
0.570394 0.534021 3.76942 
0.0451374 0.544094 3.84372 
-2.01988 -0.139661 4.36879 
1.23842 0.29622 4.88 
0.614743 -0.712873 3.70234 
1.34145 0.311537 4.99716 
-0.413636 0.50073 4.01788 
0.396129 0.396803 4.03421 
-0.743632 0.412411 4.33867 
-0.741918 0.420778 4.34631 
0.746933 0.464207 4.25858 
0.614084 -0.712615 3.71827 
0.0429029 0.57046 3.56899 
0.761891 0.492368 3.79226 
0.520426 0.510127 3.74829 
0.0398799 0.557282 3.66389 
-0.135349 0.542465 3.67131 
-0.148357 0.516523 3.75469 
0.434463 0.436474 4.02025 
0.392001 0.433901 3.97756 
0.46056 0.416312 4.13501 
-1.29978 0.418508 4.32385 
-1.79548 0.0547017 3.08113 
-1.59892 -0.322764 3.02411 
-1.56869 -0.455359 2.549 
1.41325 -2.75209 5.0212 
0.248382 0.486276 3.8889 
0.275561 0.484346 3.85368 
0.274871 0.478994 3.86156 
0.599838 0.398084 4.54088 
-1.32488 -1.88993 3.15068 
0.802933 0.441936 3.90594 
-1.49999 -0.514489 2.59337 
-1.57727 0.553041 3.2365 
0.798277 0.410281 4.3084 
-2.20475 -1.65189 3.79953 
-1.56853 -0.0191765 3.04514 
0.261792 -0.194638 3.82223 
0.0943471 -0.328141 4.18061 
-0.453626 0.522475 3.86333 
-2.52449 -1.05407 4.58725 
-2.25217 -1.42278 3.49121 
-2.20837 -1.65818 3.85772 
-2.22625 -1.76241 3.44725 
-1.9019 -1.91232 3.1545 
-1.90175 -1.91562 3.14922 
-2.22376 -1.76399 3.44057 
-1.59205 -0.738879 2.72457 
-2.22557 -1.76381 3.44539 
-1.68147 0.0914287 3.00574 
-1.81893 0.0289519 2.87788 
0.139196 -0.310003 4.07536 
-2.04175 -1.17309 2.77756 
-1.70659 0.0755357 2.99493 
-2.22584 -1.76251 3.46947 
-0.707788 0.299393 4.81776 
-0.674604 0.299992 4.84847 
-1.02496 0.485236 4.2009 
-1.58126 -0.600761 2.52172 
-1.61324 -0.397297 2.81602 
-1.59986 -0.385492 2.83053 
-1.7079 -1.88366 3.11004 
-2.33261 -2.0596 4.06145 
0.347842 -0.50927 3.82699 
-1.63353 -0.463611 2.77855 
-2.31168 -1.30456 3.8911 
-2.31175 -1.51104 3.96755 
-2.32303 -1.49891 3.97482 
-2.30964 -1.58076 3.9627 
-1.05791 0.520574 4.2464 
-0.820209 0.330473 4.85802 
-2.3457 -1.24351 3.93663 
-1.52013 -0.621997 2.71253 
0.49242 -0.745117 3.75812 
-1.46334 -0.500302 2.85329 
-1.40655 -0.599809 2.9316 
-1.52969 -0.595646 2.93147 
-1.44366 -0.495723 2.49929 
-2.55591 -0.94808 4.59584 
-1.52949 -0.557959 2.51028 
-2.1539 -0.677229 2.89307 
-2.36444 -1.04308 4.00765 
-2.54191 -1.34153 4.73505 
-2.36797 -1.12264 3.9806 
-2.53148 -1.42755 4.70639 
-2.34772 -1.17773 3.94243 
-2.53061 -1.51565 4.71749 
-2.31381 -1.19537 3.80597 
-2.29166 -1.16763 3.71178 
-2.08967 -0.881196 2.71854 
-2.16071 -1.09343 3.11533 
-2.04277 -0.909569 2.71199 
-2.26207 -1.32893 3.59351 
-2.15362 -1.24058 3.2444 
-2.08421 -1.06959 2.78128 
-2.17015 -1.40175 3.30387 
-2.19662 -1.40951 3.22526 
-2.23042 -1.67695 3.5972 
-2.25333 -1.71841 3.57903 
-2.03476 -1.23344 2.70754 
-2.2544 -1.7168 3.53349 
-2.11865 -1.34745 2.74966 
0.316593 -2.52626 4.63544 
-2.24698 -1.89426 3.53588 
-2.24086 -1.79114 3.38135 
-2.20446 -1.76154 3.24504 
-2.16379 -1.62282 3.02722 
-2.02234 -1.97953 3.4048 
-1.64192 -1.89788 3.22009 
-1.70091 -1.8839 3.21028 
-2.14984 -1.85261 3.12329 
-2.10394 -1.54889 2.70403 
-1.56704 -1.96758 3.276 
-2.1812 -1.87089 3.07975 
-2.11167 -1.7345 2.86523 
-2.1084 -1.69101 2.84955 
-2.14059 -1.62832 2.71894 
-1.87985 -1.84382 2.99522 
-1.97182 -1.84875 2.98085 
-2.13857 -1.73747 2.78951 
-0.051443 0.537735 3.58957 
-0.313761 0.589681 3.59629 
0.300064 0.484992 3.77303 
-0.0905441 0.514504 3.61101 
-0.990928 0.611012 3.439 
-1.89944 0.539293 2.86358 
-0.665965 0.531841 3.72079 
-0.695732 0.535725 3.68971 
-0.81945 0.551087 3.6739 
-0.870815 0.550799 3.67562 
-1.15659 0.58154 3.57062 
-0.301004 0.44047 3.84887 
-1.1356 0.571931 3.73602 
-1.2176 0.535034 3.57897 
-1.3696 0.502054 3.41048 
0.35076 0.341545 3.98397 
-0.260303 0.410048 3.91544 
-0.30815 0.41421 3.91067 
-0.372735 0.449152 3.9541 
-1.16599 0.503902 3.68662 
0.0669703 0.343441 4.02672 
-0.158318 0.334611 3.86561 
-0.961071 0.511968 4.123 
-1.02306 0.519421 4.12043 
-1.0469 0.529314 4.01906 
0.220035 0.295186 4.11061 
0.112954 0.294845 4.04344 
-0.120826 0.297335 3.92172 
-0.940284 0.453468 4.12376 
-1.89008 0.330005 2.86251 
-1.91153 0.333306 2.83873 
0.177108 0.262608 4.15336 
-1.41035 0.35059 3.65036 
-1.92976 0.294697 2.8472 
-0.00322157 0.160592 3.80037 
-0.113387 0.206223 3.94788 
-0.327198 0.319762 4.37661 
-1.65414 0.342057 3.57718 
0.242459 0.114829 3.95405 
-1.32266 0.362138 4.2994 
-1.37414 0.348561 4.20038 
-1.39564 0.351883 4.19256 
-1.40363 0.235831 3.41452 
-1.77697 0.232685 2.99548 
-1.85617 0.220199 2.8914 
-1.8656 0.214358 2.85792 
0.371138 0.0549484 3.97505 
0.0466569 0.0725439 3.86693 
-0.155394 0.107247 4.0052 
0.37165 -0.0113972 3.94363 
0.267878 -0.0095067 3.87206 
-1.25848 0.0991864 3.22401 
0.353456 -0.0685613 3.86648 
0.344572 -0.0667011 3.8584 
-1.90582 -0.387398 2.78148 
-2.15284 -1.69216 3.05903 
-0.0667359 0.51385 3.68743 
-1.82084 0.237271 2.81923 
0.252003 0.0746425 4.00283 
-2.1563 -1.98268 3.40518 
-1.60953 -0.188659 3.07055 
-1.97398 -0.387065 2.77525 
-1.83597 0.325598 2.86221 
-1.8418 0.326081 2.86412 
-1.89469 0.284724 2.84573 
-1.91982 0.264538 2.81904 
-2.20342 -1.23948 3.38235 
-1.94096 0.212754 2.83823 
-1.92555 0.178179 2.81574 
-0.125325 0.255667 3.99754 
-1.88009 0.125925 2.83183 
-1.88489 0.128342 2.83568 
-1.83129 -0.0614985 2.85371 
0.198408 -0.0745552 3.83407 
0.270953 -0.138614 3.92452 
0.310369 -0.19515 3.86876 
-1.53959 -0.529484 2.81652 
-2.21179 -1.61678 3.58561 
-2.19434 -1.47276 3.2883 
-2.16273 -1.54149 3.17753 
-2.19879 -1.35087 3.38731 
-2.18214 -1.70006 3.16456 
-2.14965 -1.68649 3.04621 
-2.16997 -1.18859 3.04211 
-2.17416 -1.80212 3.13812 
-1.91618 0.180169 2.82862 
-1.87803 0.167236 2.84068 
-1.96651 0.0728518 2.82717 
-1.90047 -0.0285277 2.78476 
0.201161 -0.0728856 3.84353 
0.205692 -0.50458 3.81247 
-2.13894 -1.79694 2.93754 
-1.99958 -0.495687 2.77138 
-2.08076 -1.08648 2.81727 
-2.20236 -1.2184 3.30752 
-2.22176 -1.50969 3.51801 
-2.1861 -1.35436 3.12111 
-2.15701 -1.82572 2.98842 
-2.13399 -1.85554 3.0329 
-2.22325 -1.55139 3.51909 
-2.15791 -1.75843 2.9888 
-2.17559 -1.8322 3.08337 
-2.12776 -1.67684 2.95429 
-2.1841 -1.76978 3.09026 
-2.18628 -1.78214 3.18263 
-2.20739 -1.88183 3.30601 
-2.15554 -1.95504 3.43135 
-2.19213 -1.45612 3.29112 
-2.11774 -1.60368 2.92912 
-2.16223 -1.64838 3.06912 
-2.18898 -1.71684 3.19611 
-2.21391 -1.80116 3.33529 
-2.23813 -1.91252 3.45442 
-2.21341 -1.90689 3.51554 
-2.16276 -1.63987 3.07748 
-2.18084 -1.65831 3.17593 
-2.18591 -1.67952 3.26802 
-2.2346 -1.83436 3.44311 
-2.17533 -1.49183 3.17136 
-2.16103 -1.52213 3.0647 
-2.19903 -1.63972 3.31204 
-2.15755 -1.44236 2.98204 
-2.17771 -1.46761 3.08811 
-2.16537 -1.53613 3.15259 
-2.16175 -1.54381 3.2596 
-2.15936 -1.41208 2.98216 
-2.19729 -1.45925 3.19408 
-2.18612 -1.50896 3.32378 
-2.18572 -1.36487 3.11408 
-2.1959 -1.4272 3.20138 
-2.18371 -1.43235 3.288 
-2.21597 -1.55626 3.60358 
-2.19899 -1.3283 3.18972 
-2.18999 -1.37004 3.28832 
-2.22942 -1.49787 3.62583 
-2.16269 -1.21117 3.06605 
-2.19954 -1.30151 3.34645 
-2.23942 -1.46827 3.64551 
-2.20362 -1.22703 3.35541 
-1.95918 -0.499397 2.78068 
-1.49918 -0.507025 2.80418 
-1.46948 -0.523774 2.86474 
-1.97573 -0.406566 2.77992 
-1.93855 -0.349439 2.76016 
-1.95181 -0.232606 2.75771 
-1.9068 -0.0786353 2.76262 
-1.90142 -0.0774611 2.76139 
-1.87014 -0.079307 2.79647 
-2.17563 -1.58403 3.06588 
-1.95118 0.0209851 2.79818 
-1.89678 0.0228575 2.80704 
-1.89733 0.0246399 2.80823 
-1.8842 0.0788643 2.80896 
-1.87827 0.0898971 2.80899 
-1.81208 0.1309 2.82111 
-1.90753 0.151462 2.82271 
-0.125501 0.269324 4.00029 
-0.0806531 0.214335 3.98784 
-1.92938 0.231076 2.83139 
-1.88767 0.303881 2.85203 
-1.83018 0.287423 2.84406 
0.292876 0.440345 4.02148 
0.334562 0.428912 4.02789 
-1.8918 0.363158 2.86731 
-1.88248 0.415843 2.84872 
-1.83156 0.43012 2.84623 
-1.85364 0.454348 2.85766 
-1.85728 0.102496 2.84596 
-2.15924 -1.83156 2.99142 
-2.13231 -1.77798 2.9013 
-1.45789 -0.55161 2.90083 
-0.0641756 -0.530307 3.68525 
-1.44572 -0.549585 2.93148 
-1.89657 -1.95428 3.32745 
-2.22803 -1.40231 3.52999 
-1.52616 0.518808 3.27653 
0.323518 0.369137 4.06433 
-2.25926 -1.28721 3.66858 
-0.719495 0.511253 3.73415 
-0.764041 0.531467 3.71275 
-2.23605 -1.39557 3.64161 
-2.03445 -0.719789 2.78806 
-2.118 -1.86043 3.02598 
-1.84547 0.379845 2.84451 
-2.22593 -1.36854 3.5179 
-1.78671 0.364321 2.8226 
-1.82753 0.455824 2.84773 
-2.24049 -1.34345 3.62756 
-2.1961 -1.32709 3.13533 
-1.80093 0.357531 2.85054 
0.121069 -0.120757 3.94221 
-1.91073 0.0906401 2.81929 
-1.89503 -0.00557565 2.80013 
-1.53033 -0.0547676 3.05851 
-1.87763 -0.334436 2.78821 
-2.10207 -1.41785 2.80064 
-2.11817 -1.83641 3.08799 
-2.20772 -1.65964 3.37672 
-2.1024 -1.41343 2.72629 
-2.02553 -1.12517 2.72154 
0.26468 0.0083208 3.92468 
-2.14252 -1.30071 2.98748 
-1.50295 -0.473251 2.92263 
-0.686707 0.560417 3.65562 
-0.272912 0.491808 3.81114 
-1.8081 0.152025 3.7628 
-2.10836 -1.3979 2.73533 
-2.0935 -1.50824 2.6163 
0.19567 -2.73464 4.89146 
-0.824527 0.530051 3.71448 
-0.905065 0.555045 3.77629 
0.210437 -0.020093 3.80157 
-1.85848 -0.128655 3.69231 
-1.65549 -0.213754 2.94234 
-2.27467 -1.239 3.68003 
-2.02707 -1.12273 2.72418 
-1.58695 -1.89312 3.25005 
0.368841 -0.145622 3.88213 
-2.23732 -1.69895 3.64217 
-2.1871 -1.16384 3.33974 
-1.75165 0.219173 2.97736 
-1.72202 0.32102 3.56323 
-0.913211 0.355252 4.85694 
-0.0770281 -0.263518 3.93702 
0.268834 -0.375553 3.89996 
0.0710517 -0.460475 3.81952 
-0.842524 -0.599108 6.1631 
-2.15644 -0.415939 4.13477 
0.590269 -0.746936 3.76119 
-2.39677 -1.72399 4.6605 
-2.1118 -1.83107 3.09998 
0.321601 0.469464 3.86241 
-1.8724 -1.93437 3.17521 
-0.110322 -0.572175 3.68332 
-0.114564 -0.571067 3.67852 
-1.8708 -1.93047 3.17617 
-1.71655 -0.170756 3.13039 
-0.111621 -0.56311 3.66627 
-1.85841 -1.93417 3.18997 
-1.85646 -1.93851 3.18847 
-1.38967 -1.94458 3.50565 
-2.17148 -1.56738 3.35738 
-2.15399 -1.27169 3.02896 
-1.79401 0.216242 3.78614 
-1.31786 0.492262 3.89407 
-2.07708 -0.226445 4.38466 
-1.69832 -0.798482 2.64745 
-0.646414 0.44363 4.01995 
-1.78176 0.117075 3.89452 
-0.0654689 -0.210662 3.80747 
-0.0871168 -0.613239 3.66305 
-1.64205 -0.795531 2.8394 
-1.73547 0.156405 3.03657 
-2.7197 -1.74319 5.70037 
-0.87941 0.00819268 5.9201 
-2.20829 -1.7245 3.38086 
-2.20917 -1.72337 3.38134 
-0.742474 0.321697 4.79735 
0.372082 0.162749 3.99958 
-2.19827 -1.20891 3.39344 
-1.63896 -0.430269 2.76785 
0.403891 -0.553551 3.89339 
-1.75268 -1.89289 3.19486 
-1.90492 -1.89112 3.11778 
-1.86949 0.102418 4.39799 
-2.52559 -1.35206 4.80345 
-2.37099 -1.14704 4.09546 
-1.4366 -1.92952 3.24826 
-2.31441 -1.4847 4.02472 
-2.17405 -1.51881 3.04395 
-1.92485 -0.154017 2.76388 
-1.93981 -0.31844 2.77236 
0.329577 -0.600427 3.80368 
0.188929 -0.549965 3.69787 
0.0775861 -0.116877 3.97577 
-2.1921 -1.26451 3.20149 
-1.89333 -1.94105 3.29846 
-2.18767 -1.27309 3.25658 
0.222202 0.280459 4.27129 
-1.85666 -0.0226181 2.80397 
-1.93798 -0.0274866 2.76882 
-2.12735 -1.96786 3.41288 
0.318208 -0.562707 3.83353 
-1.93276 -0.179873 2.75634 
-2.19063 -1.8966 3.55292 
-2.20465 -1.43236 3.15598 
-2.04324 -0.983166 2.72403 
-2.12304 -1.62443 2.76035 
0.320235 0.0752257 3.99935 
0.33902 0.43303 4.01266 
-1.87733 0.184556 2.85592 
-2.23963 -1.9094 3.41312 
-2.18585 -1.76601 3.175 
0.347399 0.108641 4.00847 
-1.92718 0.0673203 2.82906 
-2.23549 -1.94341 3.41316 
-2.11569 -1.57429 2.75386 
-1.93042 -0.17272 2.75965 
-1.91993 -0.387231 2.79368 
0.26378 -0.600861 3.78815 
-2.0584 -1.19109 2.77961 
-2.05454 -1.18774 2.76584 
-1.78267 0.117007 3.88697 
-2.03711 -0.846562 2.7336 
-2.20363 -1.18482 3.23014 
-2.05972 -1.18928 2.78275 
-2.16068 -1.54125 3.25699 
-2.20792 -1.74404 3.29092 
-1.89206 -1.94596 3.31577 
-2.14674 -1.75844 2.96265 
-1.88422 0.4625 2.84926 
-1.82684 0.0886033 2.82114 
-1.8811 0.0794342 2.81315 
-2.18679 -1.32862 3.28698 
-2.20747 -1.57898 3.61251 
-2.15282 -1.44678 2.96429 
-1.78907 0.106978 3.79643 
-1.52544 0.092267 3.08563 
0.319877 0.312488 4.08048 
0.332141 0.268747 4.12613 
-1.60904 0.310479 3.57957 
0.344726 0.246141 4.08983 
0.262556 0.328223 4.10271 
-0.0281793 0.0721824 3.79711 
-1.51648 0.306393 3.53437 
-0.586805 0.545583 3.65632 
-1.18715 0.593769 3.42235 
-1.77897 0.1997 3.03467 
-1.54693 -0.443512 2.84575 
-1.80689 0.0922124 3.64005 
0.266491 -0.0563971 3.87168 
-2.13672 -1.65448 2.98533 
-1.54804 -0.437497 2.84821 
-1.76108 0.0805427 3.65396 
-0.169819 0.217101 3.96161 
-0.0371224 -0.584343 3.72864 
-1.51541 0.272377 3.51067 
0.660346 0.296849 4.56369 
-0.174576 0.175841 3.97893 
0.357115 0.319104 4.03792 
-2.09825 -1.31641 2.7028 
-1.87041 0.491426 2.82878 
0.364562 0.447445 3.79827 
-0.666487 0.506392 3.77766 
-1.75443 0.204536 3.0669 
0.348075 0.125019 4.00406 
-1.8512 -0.0192033 2.86923 
-1.88507 -0.0789079 2.81148 
0.219758 -0.135514 3.91391 
-1.99465 -0.427731 2.78885 
0.217962 0.449935 4.04931 
-2.11934 -1.7501 2.86523 
-1.4699 -0.514422 2.86558 
-0.123252 -0.383304 3.8472 
-2.10952 -1.71908 2.81014 
-1.96222 -0.232837 2.76867 
0.323563 0.19147 4.109 
-1.70943 0.41722 3.11016 
-1.70917 0.41412 3.10415 
0.0308303 0.514641 3.96107 
-2.0339 -0.987082 2.71033 
-2.25192 -1.47816 3.70111 
0.32355 -0.123282 3.9286 
0.326372 -0.123475 3.93035 
-0.157502 0.450157 3.93539 
-0.115832 -0.380525 3.83272 
-0.0361002 0.420149 4.07262 
-2.17144 -0.419785 4.35048 
-1.23802 0.529002 3.68502 
-1.63992 -1.87432 3.13293 
-1.5764 -1.8779 3.14237 
-2.02484 -1.22049 2.73377 
-2.07661 -0.756465 2.71556 
-2.04358 -0.917209 2.76941 
-2.12073 -1.98177 3.37855 
0.0298243 0.340767 4.1542 
-0.135516 0.495098 3.84016 
-0.127576 0.561423 3.61243 
0.475528 0.484534 3.7463 
0.419146 0.481173 3.70413 
0.354695 0.48974 3.70683 
-0.478554 0.547789 3.64357 
-0.762074 0.489426 3.69419 
0.346659 0.256131 4.06377 
0.0112733 0.150321 3.8085 
-1.95346 -0.259674 2.75446 
-2.0482 -1.18123 2.77034 
-1.94599 -0.318604 2.77154 
-0.0489591 -0.530296 3.70237 
-1.9525 -0.443922 2.80405 
0.262767 -0.59452 3.75248 
-2.03378 -0.698451 2.75561 
-2.09731 -1.65106 2.7303 
-1.82599 0.0646309 2.86995 
-1.98491 0.0715702 4.45474 
-2.19885 -1.24015 3.15233 
-2.19257 -1.32142 3.22421 
-2.20626 -1.63786 3.29884 
-2.17308 -1.41132 3.01357 
-2.09235 -1.3625 2.76363 
-2.05059 -0.463639 2.79129 
-1.90449 0.37195 2.86362 
-1.88007 0.227037 2.83908 
-1.87023 0.0213599 2.83817 
-1.89917 -0.031975 2.79144 
0.20992 -0.0749657 3.82912 
-2.23757 -1.93933 3.50666 
-1.44764 -0.224392 2.56893 
-1.92706 -0.199203 2.75338 
-1.58871 -0.343258 2.84193 
-1.54329 -0.452028 2.91798 
-1.99291 -0.430249 2.78759 
0.316906 -0.661284 3.85635 
0.355684 -0.246676 3.82579 
-2.09775 -1.5203 2.67638 
-0.125744 0.277592 3.98681 
-1.92525 0.0700576 2.82618 
-1.924 -0.0702825 2.76843 
0.248317 -0.600624 3.77947 
-1.96355 -0.44247 2.79473 
-2.17957 -1.10148 3.13915 
-2.20159 -1.4006 3.21174 
-2.1915 -1.9025 3.54976 
-2.20975 -1.82535 3.28255 
0.292696 -0.240548 3.77217 
0.243703 -0.131203 3.93958 
-2.11376 -1.6813 2.86062 
-2.16389 -1.14102 3.04615 
0.327237 0.00987982 3.98943 
-1.59298 -0.133485 3.05235 
-1.67834 -0.127634 3.11391 
-2.00103 0.469506 2.87184 
-1.42389 0.506963 3.90546 
-1.9228 0.494049 2.83161 
-2.11904 -1.99179 3.47573 
-2.13053 -1.99756 3.48988 
-1.00683 0.335356 4.83565 
-2.01451 -0.217364 2.77091 
-2.03635 -0.413526 2.7653 
-2.4037 -2.00657 4.16025 
-1.93065 0.461245 2.85672 
-0.167953 0.393076 3.90054 
-1.98042 0.108071 2.80247 
-2.18368 -0.287876 4.42486 
-2.05286 -0.547196 2.77966 
-2.14563 -2.00919 3.53088 
-1.82278 -0.0780578 2.84483 
-1.77501 0.487986 2.87575 
-1.58787 -0.266382 2.62914 
-0.219545 0.414379 3.99634 
-1.39247 0.476888 3.91515 
0.714881 0.289344 4.54903 
-1.47299 0.448277 3.9416 
-1.94342 0.141381 2.79062 
0.154093 -0.267176 3.97145 
0.149369 -0.417239 3.9356 
-2.20191 -0.613652 2.84459 
-2.12413 -1.36122 2.88779 
-0.108167 -0.456781 3.90519 
-2.12774 -1.48052 2.9087 
-1.67875 0.264691 3.17899 
-1.58212 -0.0784396 3.05218 
-2.33031 -2.10363 4.02591 
-1.74377 0.493333 3.22637 
-2.69939 -1.58046 5.68866 
-1.59541 0.135656 3.11361 
-1.39029 0.467281 3.92902 
-2.72248 -1.86314 5.69194 
-2.3268 -1.35218 4.0147 
-2.02405 -0.411297 2.75576 
-1.95669 0.273544 2.80444 
-1.92326 0.423588 2.83528 
-1.99615 0.388475 2.85724 
-1.95862 0.2974 2.81037 
-1.9946 0.0747093 2.81465 
0.28185 -0.0615194 3.90115 
-1.94528 -0.130956 2.76598 
-2.14881 -1.51639 2.96343 
-1.91649 -0.127615 2.75187 
-1.97054 -0.0758404 2.76006 
-1.94092 0.123456 2.79215 
-1.93863 0.173302 2.77651 
-1.95816 0.227726 2.8022 
-1.90957 0.309176 2.80795 
-1.98277 0.338824 2.83379 
-2.04076 -0.540381 2.80466 
0.246317 -0.548064 3.74924 
-2.05873 -0.554422 2.80952 
-2.00771 -0.346757 2.77085 
-1.97209 0.0247394 2.79069 
-2.01208 -0.309366 2.75926 
-2.0229 -0.36367 2.77195 
-2.01253 -0.233464 2.76312 
-2.00159 0.43223 2.86718 
-1.99827 -0.280499 2.74542 
-1.76273 0.419241 2.8177 
-1.9793 -0.179311 2.76343 
-2.06226 -0.558032 2.8257 
-2.15477 -0.646687 2.78017 
-2.01975 -0.409726 2.75259 
-2.0213 -0.409192 2.75133 
-1.71802 0.365859 3.09932 
-2.10932 -1.5321 2.89169 
-1.80654 0.173447 2.84236 
-1.96253 -0.0314246 2.75706 
-2.00767 -0.383287 2.75232 
-1.68941 0.324921 3.62633 
-1.14845 -2.26446 4.22563 
-2.05865 -1.96463 3.4729 
-1.9671 -1.93323 3.23181 
-1.60007 0.356541 3.57078 
-0.7137 -2.47027 4.62728 
-1.18664 -2.24619 4.18899 
-1.99177 -1.94738 3.28269 
-1.94979 0.50604 2.85273 
-1.73453 -2.28936 4.39576 
-1.35265 -2.23615 4.27842 
-1.48206 0.3753 4.21004 
0.686065 -2.77595 5.17723 
-1.97889 0.287119 2.81794 
0.744398 -2.74191 5.12644 
-1.32053 -2.26547 4.1751 
-0.0759301 -0.635342 3.69497 
0.0129917 -0.59358 3.58581 
-2.45935 -2.05819 4.1305 
-2.1527 -1.48197 2.88791 
-2.12615 -1.24554 2.95589 
-1.60694 -0.237125 2.87674 
-0.0895319 -0.631964 3.70049 
-0.738842 -2.47537 4.7113 
-2.04089 -0.926925 2.67207 
-2.27658 -2.1141 4.08076 
-2.12634 -1.22282 2.96296 
-1.58722 -0.259653 2.62945 
-1.47049 -2.26993 4.34389 
-1.46734 -0.524885 2.87457 
-2.19654 -1.23127 3.21318 
-2.12154 -1.76594 2.87675 
-2.01678 -0.869454 2.70489 
-2.20259 -1.50075 3.24897 
-1.15282 0.609095 3.57485 
-1.8347 0.0041403 3.84606 
-1.5327 -0.165163 3.03675 
-2.06456 -0.958965 2.82478 
-2.22778 -1.25762 3.49189 
-1.54821 -0.558717 2.81992 
-1.4762 0.463085 3.94483 
-1.46706 0.458184 3.93007 
-2.13716 -1.4554 2.93025 
-0.628908 0.525095 3.72465 
-1.84171 -0.00292325 3.74505 
-1.5564 -0.574961 2.84579 
0.266417 0.378579 4.06522 
0.253612 0.382212 4.07543 
0.51483 -0.78676 3.78202 
-0.647955 0.563331 3.69363 
-1.55314 -0.41431 2.87395 
-1.82426 0.0783068 2.86415 
0.262368 0.377847 4.0814 
-0.171582 -0.142084 3.96057 
0.191943 0.441675 4.05951 
-2.06504 -1.00268 2.80826 
0.386872 -0.684894 3.84667 
-1.52739 0.0181983 3.07079 
-2.11454 -1.97461 3.38594 
-1.40285 0.389948 4.18315 
0.386291 -0.68229 3.84293 
-0.145029 0.576354 3.61724 
-2.40036 -1.56389 4.40949 
-2.10451 -1.51707 2.68162 
-1.93999 -1.95505 3.39375 
-0.0377471 0.519346 3.67429 
-0.167997 0.109424 4.03594 
0.199624 -2.68774 4.94541 
-0.298023 0.586101 3.60404 
-0.354104 0.58088 3.56806 
-1.13737 0.589032 3.63459 
-0.501643 0.493614 3.70996 
0.161927 0.447165 4.06702 
0.154416 0.277928 4.16361 
-0.033183 0.301106 4.03684 
-1.78835 0.260617 3.11332 
0.274825 0.205146 4.13918 
-0.167783 0.129601 4.01376 
0.299551 -0.503045 3.82806 
0.380132 -0.734461 3.8096 
-0.548875 0.464484 4.07539 
0.103802 0.519656 3.86704 
-0.172225 0.324175 3.94599 
-1.60671 -0.181061 3.06686 
0.306809 0.235095 4.14625 
0.345096 -0.440923 3.81395 
-0.101165 0.409105 3.98032 
-1.52901 0.357835 3.55585 
-1.55659 0.4975 3.22542 
-1.36064 0.400641 4.32278 
-0.141093 0.448196 3.91663 
-0.977635 0.611637 3.34665 
-1.54723 -1.95743 3.19299 
-0.299299 0.57005 3.65017 
-1.81792 0.268447 2.83058 
0.339468 -0.48771 3.81138 
-0.0193592 0.103 3.79587 
-1.54788 0.443534 3.19908 
-0.885071 0.600662 3.47153 
-1.52658 -0.0988276 3.04242 
-1.52221 0.0731738 3.07549 
0.0918191 0.111453 3.90275 
-0.106664 0.354932 3.98889 
-1.64232 -0.221894 2.92578 
-0.124739 0.523891 3.68752 
-1.81745 -0.0408406 2.89914 
-0.0827403 0.54783 3.59806 
-1.83402 -0.0175206 2.87584 
-1.82984 0.503059 2.88191 
-0.51976 0.541308 3.61797 
-1.79104 0.457662 2.87477 
-0.192095 0.46843 3.93173 
-1.73619 0.436421 3.20809 
-0.0824685 0.250814 3.9759 
-1.47012 0.30247 3.52599 
-1.27034 0.142949 3.24928 
-1.91366 0.139548 2.83077 
-1.84259 0.0957621 2.83791 
0.301074 -0.456865 3.81217 
-1.59578 -0.35579 2.87796 
-1.54641 -0.446216 2.8456 
-1.99849 -0.464766 2.78806 
-1.93376 -0.503797 2.77274 
-1.44626 -0.57674 2.93291 
-2.26092 -1.25949 3.61076 
-2.03196 -1.03913 2.70573 
-2.22817 -1.57471 3.52483 
-2.17688 -1.39248 3.06127 
-2.1857 -1.66454 3.26575 
-2.10016 -1.48768 2.72108 
0.219678 -2.67789 4.93906 
-2.2031 -1.79333 3.11031 
-1.56296 -1.92422 3.2113 
-2.14043 -1.92327 3.02353 
-0.169527 -0.124297 3.89863 
-1.89385 -0.080464 2.77202 
-0.0602389 -0.516732 3.67921 
0.409773 -0.665828 3.78568 
-2.18234 -1.19537 3.28094 
-2.26995 -1.26104 3.71067 
-1.46311 0.348914 3.58502 
-2.18857 -1.13496 3.21646 
-2.2065 -1.43917 3.39852 
0.187207 0.0751929 3.90521 
-1.56462 -0.352255 2.91143 
-2.23673 -1.87377 3.61045 
-2.1713 -1.3994 3.02431 
-1.21662 0.558867 3.64507 
-2.16311 -1.84646 2.90965 
0.18519 0.0279422 3.92061 
-2.33792 -1.85076 4.50239 
0.337329 -0.745966 3.83414 
0.0210172 -0.539362 3.78666 
-2.04839 -0.896084 2.80656 
-2.3873 -1.57413 4.40386 
-2.13221 -1.01481 3.00278 
-0.94221 0.314783 4.95038 
-2.10786 -0.989171 2.94571 
-2.11213 -1.00292 2.94691 
-1.6928 -2.26088 4.38709 
-2.16642 -1.91173 3.27477 
-1.2646 0.527996 3.46736 
-0.604164 0.358705 4.52336 
-1.78946 0.242999 2.88829 
-1.7673 0.111091 3.06787 
-1.49621 -2.28314 4.46376 
-1.74093 0.103456 3.03689 
-2.05719 -0.74613 2.78706 
-0.817589 0.609832 3.42179 
-1.07916 0.626282 3.34805 
-1.13564 0.597052 3.33771 
-1.78593 0.0172318 3.12442 
0.394667 -0.757967 3.72276 
-2.04817 -1.23917 2.63249 
1.40928 -2.99295 5.14189 
-2.1795 -1.1508 3.10646 
0.0866816 -0.494822 3.81768 
-0.834252 0.594433 3.48189 
-1.47557 0.399073 4.00319 
-2.52961 -1.13027 4.80946 
-1.72347 0.148647 3.14707 
0.114755 -2.70368 4.95316 
-2.12655 -1.93896 3.29134 
1.39104 -2.79453 5.12487 
-0.63561 0.285396 4.75623 
-1.15207 0.60489 3.36663 
-1.85499 -0.0281092 2.82011 
-2.20846 -1.2718 3.41385 
0.626681 0.328731 4.56202 
-1.14543 0.597769 3.34381 
-1.75695 0.24394 2.93547 
-2.26928 -1.3625 3.73802 
-2.07763 -1.3076 2.67987 
0.359533 -0.782248 3.71613 
-2.07564 -1.31097 2.67911 
-2.0763 -1.49542 2.60177 
-2.33448 -1.74363 4.30881 
-1.24932 -2.25261 4.16519 
-1.74421 0.262286 2.98017 
-1.83637 0.0410361 2.97905 
0.022653 -0.587284 3.53868 
-2.33549 -1.50023 4.10466 
-2.19839 -1.63275 3.71171 
-2.02309 -0.807531 2.70756 
-2.10372 -1.56212 2.77514 
-2.07929 -0.880288 2.85319 
-1.78145 0.174603 2.87367 
-2.25506 -1.31829 3.68058 
-1.74807 0.210229 2.90422 
-2.07178 -0.893756 2.84453 
-0.93036 0.615166 3.38184 
-1.91509 -1.9242 3.2484 
-2.01608 -1.22144 2.72439 
-1.78611 0.281945 2.89021 
-2.33587 -1.85035 4.4588 
0.753606 0.360366 4.49469 
-1.78973 0.322362 2.88213 
-0.028276 0.503631 3.90652 
-0.0615904 0.487596 3.84364 
-1.45268 -0.183594 2.60838 
-0.121514 -0.196452 3.92244 
-0.72627 0.481748 3.72501 
0.42409 -0.715625 3.73825 
-2.2055 -1.44468 3.40699 
-1.04379 0.288754 4.95156 
-2.07573 0.502687 2.91941 
-2.07194 -0.409955 2.76912 
-0.585785 0.373972 4.62135 
-2.03635 -1.25447 2.60618 
-0.0429388 -0.315735 3.88444 
-0.0461775 -0.316622 3.87435 
-1.7073 -0.119778 3.11864 
-2.33913 -1.85257 4.54549 
0.145815 -0.0489647 3.87182 
1.32954 -2.94755 5.17975 
-1.95861 -1.0719 2.5428 
-2.19571 -0.604611 2.8277 
-2.00178 0.13297 2.79732 
-2.03328 0.390325 2.87517 
-2.05888 0.343382 2.87459 
-2.0125 0.180937 2.80968 
-2.00285 -0.177594 2.75833 
-2.00171 -0.126997 2.76533 
-1.99606 -0.0728918 2.75395 
-2.04985 0.17921 2.83031 
-2.03725 0.119434 2.80876 
-2.03069 0.0713826 2.79808 
-1.96096 -1.07352 2.55245 
-2.04073 0.286806 2.84866 
-2.16368 -0.436593 4.19599 
-1.99691 -1.93744 3.38878 
-2.0461 -1.95275 3.26998 
-2.32301 -1.5789 4.08478 
-0.859331 -2.44041 4.65784 
-1.81339 -1.91873 3.18145 
-2.68659 -1.88682 5.90424 
-1.58701 -0.49747 2.51199 
-1.5908 -0.497701 2.51555 
-1.5479 -1.89058 3.10474 
-1.426 0.450171 4.097 
0.307513 -0.308123 3.9058 
-1.63926 -0.342299 2.82862 
-0.11597 0.158624 3.94558 
0.347352 -0.335194 3.88544 
-0.177892 0.25661 3.96278 
-1.53023 -0.184268 3.02764 
-1.59593 0.29058 3.56311 
0.652832 0.383349 4.49051 
-1.53799 -0.18807 3.03925 
-1.38684 0.460183 4.17104 
-2.18927 -1.14657 3.29365 
-1.49294 -0.575007 2.89491 
0.109499 0.468536 4.12636 
-1.55484 -0.387249 2.95171 
-1.42379 0.439558 4.0761 
0.0239735 0.0797617 3.83018 
-0.116534 -0.141086 3.924 
0.178819 -0.136108 3.94867 
-2.21055 -1.60344 3.49474 
-0.0678788 0.14599 3.8746 
-1.39699 -1.90983 3.15476 
-0.205687 0.496116 3.86258 
-0.154043 -0.294219 3.90496 
-1.52558 0.350865 3.14551 
-1.7673 0.375985 3.23684 
-1.45315 0.35943 3.61537 
-1.5972 -0.0901005 3.06722 
-0.401967 0.595458 3.58646 
-0.0724392 0.502865 3.71364 
-0.801828 0.572119 3.61385 
-1.83862 0.501348 2.87904 
-0.0855726 0.487716 3.78572 
-0.321082 0.49974 3.80972 
-1.7859 0.455977 2.87499 
-0.546377 0.467837 3.66871 
0.282811 -0.334387 3.96128 
-1.86876 0.407341 2.86304 
0.214221 0.386401 4.06653 
-0.821878 0.504764 4.14352 
-1.23494 0.488982 3.83007 
-1.30311 0.500547 3.83884 
-0.767799 0.441986 4.15535 
0.269879 0.289945 4.1354 
-0.172467 0.278904 3.93626 
-1.47303 0.461976 3.92505 
-1.83097 0.280837 2.8486 
-0.16476 0.0495189 3.96449 
-1.8778 0.0918916 2.8275 
0.176055 -0.0311258 3.83055 
-0.0454631 0.0168988 3.9237 
0.215582 -0.0782464 3.78971 
0.107523 -0.0687992 3.82572 
0.0778895 -0.127514 3.97738 
0.0738889 -0.208963 3.98547 
0.0729339 -0.262987 3.97409 
0.304008 -0.391905 3.80598 
-1.49787 -0.287942 2.56749 
-1.53396 -0.371897 2.98761 
-1.55773 -0.353702 2.90681 
-1.97783 -0.363386 2.78006 
0.336822 -0.712129 3.85654 
-1.53836 -0.562435 2.74987 
-2.04893 -0.719518 2.78509 
-2.24835 -1.22087 3.51986 
-2.24066 -1.34165 3.48679 
-2.11455 -1.09972 2.93322 
-2.17571 -1.37326 3.23842 
-2.19201 -1.33819 3.11736 
-2.17204 -1.39227 3.00132 
-2.20894 -1.60409 3.16606 
-2.08221 -1.50759 2.78391 
-1.94835 -1.99845 3.47585 
-2.22303 -1.96423 3.40533 
-2.1209 -1.69272 2.89207 
-1.54155 -0.24166 3.02837 
-1.59691 -0.315867 2.89072 
-1.48048 -0.487102 2.82658 
-1.4426 -0.207978 2.58414 
-1.535 0.147047 3.11099 
-2.10349 -1.12426 2.91322 
-2.10467 -1.12754 2.91487 
-2.21334 -1.48267 3.42129 
-2.21578 -1.60641 3.7174 
-2.09882 -1.11465 2.90976 
-2.24133 -1.84327 3.53588 
-2.04879 -1.25785 2.67103 
-1.50301 -0.540939 2.84361 
-2.06888 -1.16703 2.85499 
-1.17293 0.492382 3.86981 
-2.16518 -1.14479 3.03581 
-1.49454 -0.477058 2.79915 
0.296223 0.131029 4.032 
-0.15908 -0.192651 3.92122 
-1.95654 0.0320437 4.41177 
-0.0173296 0.548813 3.61778 
-2.16528 -0.367659 4.41903 
-2.10753 -1.03801 2.92428 
1.35451 -2.83418 5.0302 
-1.51882 0.208614 3.10272 
-0.156499 -0.450946 3.93921 
0.304679 -0.393437 3.83085 
-1.32362 0.492036 3.41444 
-0.103196 0.437911 3.89715 
-1.52278 0.300444 3.12733 
-1.77524 0.156523 3.81043 
-0.044438 0.0180484 3.93527 
-1.61744 -0.30275 2.86802 
0.21971 -0.324662 4.02207 
-2.19732 -1.51599 3.3658 
-0.156374 -0.348149 3.88174 
-1.52206 0.304465 3.1276 
-0.0625139 0.200368 3.93598 
-2.22603 -1.5563 3.46034 
-1.54647 0.411286 3.19375 
-1.94019 -0.0934515 2.76808 
-1.63579 -0.27014 2.89554 
-1.42963 0.51185 3.89116 
0.340001 -0.383814 3.80351 
0.231097 -0.375235 3.94231 
-1.11686 0.614605 3.42504 
0.339689 0.462796 3.77042 
0.0551181 0.519699 3.85941 
-0.551016 0.48302 3.59828 
-1.28455 0.517955 3.40674 
0.214556 0.439196 4.01599 
-0.0500497 0.452822 3.98111 
0.340978 0.351293 4.01297 
-1.47954 0.437793 4.00547 
0.368912 0.168065 4.0055 
-1.35552 0.408889 4.26452 
-1.39628 0.299774 3.5982 
-1.88211 0.246753 2.83642 
-1.72638 -0.170483 3.14988 
-1.87972 0.178366 2.85294 
-1.96201 0.10789 2.82494 
-1.85617 0.0556825 2.95362 
-1.8396 0.0628995 2.86665 
-1.8729 0.0652888 2.85148 
0.267148 -0.12749 3.87952 
0.175235 -0.0785138 3.77948 
-1.819 0.0229365 3.72485 
0.315201 -0.169377 3.86784 
-1.80218 -0.0405371 2.94996 
-1.91805 -0.0551333 2.77885 
-1.51409 -0.532542 2.50343 
-1.03306 0.595525 3.49016 
-1.86883 0.0162219 3.03422 
-2.544 -1.12074 4.52813 
-1.99377 -0.754485 2.67607 
-2.10655 -1.3203 2.92036 
-1.44298 -1.93265 3.20495 
-1.81801 -0.0266564 3.02534 
-1.56297 -0.637519 2.52825 
-2.13512 -1.57166 2.68159 
-1.10125 0.376049 4.84361 
-1.09879 0.393049 4.83318 
-2.19933 -1.35568 3.38457 
-2.16461 -1.54808 3.25182 
-1.74533 0.374935 2.8497 
-1.992 -1.085 2.65128 
-2.13082 -1.78383 2.82789 
-2.04042 -0.0505187 4.3987 
-1.59807 0.303553 3.16133 
-1.60371 0.308911 3.17349 
-1.60035 0.309675 3.16786 
-0.231579 -2.7498 5.15 
-1.47866 0.515542 3.43566 
-2.09271 -0.0576586 4.45353 
-2.03032 -0.94055 2.71049 
-2.02878 -0.937199 2.71154 
-1.5066 -1.976 3.30389 
-1.4843 -0.434653 2.47043 
-1.78907 0.230861 2.83697 
-2.10916 -1.58475 2.88233 
-1.83437 0.0874646 2.97199 
-1.58856 -1.8668 3.0803 
0.14107 -0.50975 3.87437 
-0.546344 0.495426 3.62462 
-2.30302 -2.09733 4.01268 
-1.50516 -1.96534 3.23765 
-0.0354839 -0.0477035 3.87195 
-1.99395 -1.09299 2.6549 
-1.73068 0.398856 3.05734 
0.27686 -0.246221 3.84471 
-1.61311 -2.31521 4.51458 
-1.0993 0.295925 4.81848 
-2.04364 -1.26186 2.6832 
-2.10216 -0.757033 2.72118 
-2.06766 -1.44562 2.57436 
-2.27559 -1.42798 3.80081 
-0.597175 0.475484 3.71755 
-1.58195 0.253236 3.13062 
-1.67967 0.140157 3.06294 
0.59788 -0.787088 3.84178 
-1.71226 0.420408 2.91527 
0.176724 -0.566928 3.78297 
-2.03236 -1.57626 2.58774 
-1.99693 -0.0139724 4.33556 
-2.3956 -2.11059 4.3161 
-1.39946 -2.26511 4.38302 
-1.39798 -2.25993 4.44912 
-1.76139 0.0497862 2.98439 
-2.43746 -2.06636 4.10037 
-2.2414 -1.61942 3.88318 
-2.13247 -1.75142 2.78689 
-1.73897 0.381969 2.85929 
-0.000227389 -0.469691 3.88852 
0.169915 0.36768 4.18959 
-0.16063 -0.246106 3.90094 
-1.01309 0.576211 3.48723 
0.176988 -0.346355 4.04957 
-2.26528 -1.50468 3.78214 
-2.27391 -1.52616 3.83571 
-1.03454 0.623634 3.45494 
-0.906449 0.598852 3.45127 
-2.12441 -1.39841 2.64848 
-0.783243 -0.339877 5.97165 
0.100525 0.149328 3.99569 
-1.74296 0.0222345 3.20151 
-1.67061 -2.28828 4.42928 
-0.783128 -0.30645 5.9544 
-1.74479 -0.272199 2.73547 
-1.71984 0.459941 2.86131 
-0.0488279 -0.437694 3.83791 
-0.791067 -0.353748 5.97791 
-1.85558 -0.235554 2.71458 
-1.56557 -2.28242 4.41912 
-1.74443 0.181356 2.82747 
0.621412 -2.7738 5.15723 
-1.7461 0.271391 2.90492 
-1.77957 -0.212194 2.69807 
-1.77131 -0.181778 2.72238 
-0.938267 0.602294 3.40018 
-1.70333 0.429123 3.01529 
-1.83984 -0.0165948 2.99262 
-1.70127 0.446083 3.0185 
-0.666159 0.588168 3.51103 
-1.30886 -2.2047 4.02178 
-0.714509 0.592219 3.50324 
-2.47786 -1.2221 4.38492 
-2.1407 0.440286 2.93355 
-1.71171 0.432027 2.96023 
-1.66932 -0.12901 3.07955 
-2.09515 -0.843649 2.71367 
0.188715 0.0310893 3.97318 
-1.70925 0.470302 2.96879 
-0.724989 0.0539832 5.76588 
-2.04439 -0.0967266 2.7709 
-2.28325 -1.25388 3.7663 
-2.24604 -1.58775 3.82934 
-2.367 -1.99896 4.19758 
-1.74142 -0.0318912 3.20423 
-1.72055 0.493755 3.04107 
-0.667909 -0.345283 5.90305 
-1.67823 -0.0702528 3.10852 
-1.70022 0.0797201 3.15736 
-2.01002 -1.1578 2.57543 
-2.09377 -0.406521 2.76409 
-1.99506 -1.01394 2.60738 
-0.689986 0.602843 3.44343 
-2.26391 -0.560234 2.87343 
-0.594476 0.593738 3.56674 
-1.98318 0.021219 2.74357 
-0.64422 0.58692 3.53702 
-0.433678 0.582677 3.55105 
-2.04588 -0.361889 2.73417 
-2.07374 -0.382936 2.74667 
-1.99832 -0.0289056 2.74209 
-2.15434 -0.474237 4.2796 
0.253657 0.0412491 4.02591 
-0.465622 0.567991 3.5535 
-2.0009 -1.12607 2.53154 
-2.04209 -0.222499 2.75369 
-2.04567 -0.31568 2.73399 
-2.03909 -0.250294 2.73191 
-2.04412 -0.130748 2.75316 
-1.98265 0.0148209 2.73936 
-2.05249 -0.329571 2.73214 
-2.0401 -0.181582 2.74177 
-2.01982 -1.1642 2.61665 
-2.03597 -0.273163 2.72866 
-2.19466 0.312966 2.92851 
-2.11648 0.127723 2.84611 
-2.1399 0.169874 2.86569 
-2.12991 0.168717 2.86324 
-1.73821 0.16032 2.81847 
-2.04552 -1.49702 2.56811 
-2.32576 -1.72131 4.21326 
-2.34168 -2.05773 4.27272 
-1.01203 -1.10999 5.66926 
-2.7446 -1.95731 5.92903 
-1.33488 0.488081 3.30439 
-2.14247 -0.884595 3.08389 
-1.43835 -0.221108 2.56611 
-1.92078 -0.153809 2.76853 
0.00323834 -0.444227 3.85182 
-0.156655 -0.415392 3.88224 
0.0364695 -0.483043 3.86129 
-1.96597 -0.325595 2.78045 
-1.53097 -0.383111 2.97545 
0.223249 -0.587713 3.70903 
-1.55501 -0.471676 2.81855 
-1.57318 -0.471314 2.82687 
-1.44946 -0.567131 2.94926 
0.407763 -0.761137 3.73583 
-1.55876 -0.584556 2.88449 
-2.25077 -0.649532 2.92846 
-2.06178 -0.878501 2.69546 
-2.02089 -1.02293 2.7016 
-2.18292 -1.62694 3.1179 
-1.97225 -1.82349 3.00782 
-1.55224 -1.90693 3.20383 
-0.0578525 0.30946 4.02872 
0.3119 -0.663558 3.86324 
-2.07973 -1.45546 2.595 
-2.08246 -1.45255 2.59593 
-0.163682 -0.00279118 3.92805 
-1.74587 0.162927 2.89985 
-1.87471 -0.200603 2.78125 
-1.52308 -0.0160417 3.05664 
-1.82161 -1.90288 3.04762 
-1.56114 -0.466231 2.80138 
-1.47709 -2.26037 4.41262 
0.0411881 0.531594 3.77794 
-1.07164 0.640972 3.40277 
-2.39721 -1.79767 4.50085 
-1.79776 0.505554 2.90106 
0.0466311 0.412757 4.10863 
-1.847 0.0260509 2.85512 
0.358916 -0.333844 3.86064 
0.358982 -0.35224 3.85874 
-1.37795 0.434195 4.17759 
1.09112 0.190459 5.04636 
0.139188 -0.131956 3.93959 
0.36505 -0.201123 3.85533 
-1.59213 -0.421785 2.85912 
-2.20152 -1.42552 3.2175 
-1.46401 -0.261932 2.55278 
-1.57977 -0.408934 2.81206 
-2.09409 -1.62426 2.65807 
-1.67804 -1.87339 3.10565 
-2.19546 -1.15519 3.30996 
-2.18033 -1.90078 3.58706 
0.173365 0.410742 4.14589 
-1.51633 0.190493 3.09424 
-2.14673 -0.356216 4.40284 
-1.53169 -0.442176 2.95503 
-2.28685 -1.36147 3.81348 
1.33727 -2.90174 5.25091 
-1.01802 0.625709 3.45969 
-2.46047 -2.02418 4.16886 
-1.52179 -0.323772 2.98062 
-1.91324 -0.275265 2.80509 
0.0897212 0.505403 3.75291 
-0.349796 0.555715 3.64776 
0.270727 -0.582836 3.74001 
-1.9014 0.555512 2.90937 
0.382099 0.437865 3.77014 
0.0045569 0.514218 3.81823 
-0.0496306 0.499819 3.74583 
-0.122916 0.500585 3.77565 
-0.486528 0.515592 3.70699 
-1.19893 0.576929 3.54258 
-1.86307 0.497067 2.86609 
0.488889 0.434413 4.04938 
0.336728 0.441948 3.98797 
0.165576 0.48099 4.03878 
0.118761 0.48201 4.04684 
-0.24277 0.449804 3.9101 
-0.67373 0.494533 3.75709 
-1.77552 0.397545 2.85292 
-1.80725 0.39828 2.8434 
0.728925 0.406837 4.41976 
-1.55173 -0.35744 2.92084 
-1.80013 0.373575 2.90847 
0.115061 0.343568 4.05483 
-0.00701553 0.351444 4.01373 
-1.76474 -0.324243 2.88059 
-1.43186 0.313556 3.56295 
-1.52589 0.263335 3.1225 
0.246309 0.127607 3.97945 
0.0251054 0.159862 3.82717 
-1.90741 0.182864 2.85024 
0.371466 0.0642923 3.98744 
-0.070676 0.127366 3.8526 
-0.11283 0.14372 3.917 
-1.8828 0.176525 2.85437 
-1.93102 0.142627 2.82001 
-0.0238346 0.056557 3.81302 
-0.0923371 0.0453597 3.95494 
-1.79003 0.169733 3.64949 
-1.78713 0.0986988 2.86939 
-1.839 0.101399 2.84642 
-1.51658 0.0627812 3.06351 
0.124417 -0.0705935 3.80304 
-1.7861 0.0506317 3.78479 
-1.81795 0.0175317 3.10254 
-1.87249 0.0259119 3.10702 
-2.06917 0.0481868 4.45869 
-0.0896436 -0.186965 3.84755 
-0.165098 -0.177348 3.87421 
-1.5124 -0.145253 3.01099 
0.24054 -0.286546 3.99065 
-0.0979384 -0.361985 3.76585 
-1.60423 -0.188907 3.06379 
-1.59694 -0.240518 2.91016 
0.298045 -0.396879 3.80621 
-1.69147 -0.253939 2.8984 
0.257316 -0.456875 3.83696 
0.346464 -0.558421 3.83641 
-1.55401 -0.357742 2.90615 
-1.54065 -0.391752 2.91608 
-1.93921 -0.387547 2.79659 
-1.56402 -0.510325 2.76592 
-1.55836 -0.57427 2.82807 
-1.5281 -0.651012 2.68604 
0.333512 -0.645832 3.779 
-2.3422 -1.24143 3.92228 
-2.09878 -1.02156 2.90817 
-2.18759 -1.26547 3.11446 
-1.99668 -1.11264 2.80651 
-2.20542 -1.38373 3.21515 
-2.05042 -1.19189 2.77705 
-2.24603 -1.76479 3.56772 
-2.23036 -1.87345 3.62857 
-2.18318 -1.96154 3.44443 
-2.17997 -1.72315 3.09788 
-2.2145 -1.77928 3.09295 
-2.10752 -1.46796 2.63286 
-2.51815 -0.795249 6.54295 
-2.08483 -1.65947 2.76021 
-2.17649 -1.93897 3.0262 
-2.10288 -0.687824 2.75995 
-2.11368 -0.677936 2.77814 
-2.16539 -1.21526 3.05331 
-2.16973 -1.83802 3.18718 
-2.13498 -1.5755 2.97208 
-2.22719 -1.45644 3.52618 
-1.56185 -0.393408 2.87097 
-2.24089 -1.35289 3.5505 
-2.2115 -1.65695 3.4213 
-0.0296214 -0.615796 3.7434 
0.487847 -0.733466 3.76073 
-2.39455 -1.74886 4.65212 
-2.17579 -1.27433 3.08971 
-1.58435 -0.405378 2.85529 
-2.17533 -1.16953 3.09441 
-2.22818 -1.28412 3.49922 
0.221099 0.353043 4.14034 
-1.59014 0.180144 3.12241 
-1.68679 -0.380964 2.84074 
-0.146158 -0.504152 3.87825 
-1.81403 -0.232383 2.76685 
-2.22881 -1.69014 3.49974 
-1.17553 0.569194 3.69334 
-2.08403 -1.02472 2.85498 
-1.15655 0.56494 3.69081 
-1.65668 -0.232641 3.10551 
0.126408 -0.579503 3.84025 
-1.65294 -0.234565 3.09486 
-1.42287 -1.96379 3.53087 
-2.41146 -2.03733 4.09827 
-0.751287 0.482444 4.08408 
0.694632 0.367248 4.46681 
0.0170449 0.0153384 3.83324 
0.010138 -0.174709 3.95457 
-2.01274 -0.822553 2.73977 
0.362227 -0.608646 3.81418 
-2.23218 -1.76992 3.53121 
-1.61201 0.34857 3.57525 
-2.08281 -0.219628 4.42034 
-1.77344 0.184397 2.94807 
-0.0594599 0.0689833 3.86437 
