 2.078
 1.228
10.085
     0
 1.213
 1.213
 1.213
 2.182
 1.392
     0
     0
 1.392
 9.182
  1.25
 2.481
 2.422
 2.916
 2.563
 2.107
  3.64
 2.875
 2.037
 2.024
 1.472
 2.521
 2.262
 2.916
 3.001
     0
     0
     0
 2.078
 2.253
 1.472
 2.958
 2.357
 2.875
  2.64
 2.698
 2.532
 1.472
 3.001
 2.144
 2.532
 2.629
     0
 2.348
 2.461
 2.262
 1.472
 2.348
 2.339
     0
 2.542
 1.859
 2.722
     0
 2.532
 2.237
     0
 2.542
 9.182
     0
 3.944
     0
 2.403
 3.969
 4.557
 4.074
 7.412
10.607
 8.203
 2.663
     0
 3.798
  7.69
 9.465
 3.091
 7.502
 4.591
10.793
 5.303
 2.262
 7.238
 5.043
 9.465
 4.591
     0
 7.238
 7.238
 9.612
 2.902
 2.861
 4.074
 2.313
 2.902
 3.188
     0
 1.723
 1.864
 1.723
 1.748
 4.047
 2.182
 1.911
 2.771
22.785
 7.887
 2.822
     0
 6.836
 3.171
 6.091
 7.153
 3.171
 2.771
 7.324
     0
 7.071
 9.465
     0
 1.815
     0
 1.836
 2.304
 1.836
 2.121
 2.511
 2.151
 1.788
 1.718
 2.166
 2.375
 1.997
 7.787
 9.765
 3.995
 7.153
 2.093
 4.961
 2.461
 3.969
 2.875
     0
 2.585
 3.399
 1.667
 3.238
     0
 2.585
 2.394
 2.532
 2.394
 4.961
     0
 2.481
 2.585
 3.476
 2.618
 9.923
 2.394
 1.672
 2.481
 3.476
 1.663
     0
 5.002
 2.403
 2.375
 2.339
 2.471
     0
  1.24
 1.733
 4.844
 2.064
 4.302
 4.769
 3.495
     0
 9.047
 2.182
 2.618
 4.426
 2.501
 2.972
 2.024
 1.213
 1.916
     0
     0
  2.01
 1.826
 3.515
     0
  2.01
 5.696
 1.899
 2.166
 4.883
 4.129
 2.296
 1.389
     0
 4.661
 9.321
 1.573
 9.465
 4.661
 1.573
     0
  3.29
 1.527
 1.561
 2.044
 2.553
  3.29
 2.044
 2.902
     0
     0
 8.544
     0
     0
 3.684
 2.348
     0
     0
     0
  3.38
 3.272
12.817
 3.684
     0
13.374
 8.427
 8.544
 3.751
     0
     0
 5.043
 4.732
 1.794
 2.532
 3.495
 8.427
 3.706
     0
 4.661
 2.366
11.393
     0
 8.427
  2.64
     0
 1.794
     0
 3.662
 4.394
 3.684
 8.427
 4.883
 3.437
     0
     0
12.555
 2.532
 2.722
 0.944
  3.38
 2.618
10.253
     0
 2.563
     0
 3.536
10.253
 2.563
     0
 2.321
     0
10.427
 4.961
 2.481
  3.38
 2.348
 1.458
 2.491
     0
 2.279
 2.394
     0
     0
     0
 3.155
 1.515
     0
 1.515
 2.451
 1.515
 2.451
  2.71
 3.362
  1.37
 1.364
 2.058
 2.197
 1.978
 2.809
 1.398
 4.426
  2.71
 2.174
 2.822
 2.784
 4.185
 2.491
 2.064
 1.959
 1.581
     0
 1.379
  1.29
 2.663
 1.997
     0
 2.822
 1.581
 2.491
 2.024
 2.064
 1.991
 1.959
 2.058
 1.991
     0
 2.888
     0
 1.972
 1.972
 2.189
  2.01
 1.978
 1.899
 3.706
 2.064
  2.01
  2.01
     0
  2.03
 1.899
 2.064
 2.071
 1.899
