     0
 2.986
13.671
 7.502
  2.71
 2.663
 2.809
     0
     0
 4.129
 7.887
     0
     0
 4.394
 7.071
 2.607
 3.272
 2.501
 2.136
     0
     0
  2.33
 1.836
 8.544
 2.784
 2.174
  3.29
  3.38
  3.64
 1.972
 2.339
 2.182
     0
 1.352
 3.272
 2.136
     0
     0
     0
 2.822
 1.352
  3.38
 2.182
 2.722
     0
     0
 2.532
 2.686
 2.159
 1.343
 2.403
   2.1
 2.071
 2.596
 2.037
  2.93
 3.061
 2.784
  2.01
 1.454
 2.759
10.253
 5.444
 4.883
 1.794
  3.29
 5.002
 5.493
 5.214
 8.916
10.607
 5.859
     0
 2.078
 5.002
  7.69
10.427
 4.243
 9.182
 5.644
10.607
 7.071
 3.171
 8.916
 6.214
10.793
 5.644
 4.302
 8.916
 9.182
 9.612
 2.432
  3.29
 2.986
     0
 3.076
 1.753
     0
     0
 5.749
13.982
 3.123
 2.521
 5.493
 2.279
 2.114
     0
 9.182
     0
 3.944
10.253
 5.043
 8.095
10.607
 5.043
 2.151
10.607
 1.676
 8.789
11.185
     0
 6.152
     0
     0
     0
     0
     0
 1.887
 2.287
     0
17.577
 4.101
 3.969
 5.084
12.817
10.085
 4.769
 8.095
 2.366
 5.593
 2.835
 4.591
 3.662
     0
 2.916
 3.684
 1.645
 3.944
 3.969
 2.916
 2.461
 2.675
 3.476
 5.593
 1.577
 2.771
  2.93
 3.751
 2.771
11.607
 2.451
 4.591
 2.759
 3.969
 1.654
10.085
 5.696
 2.461
 2.287
 2.629
 2.607
11.393
 8.095
     0
 5.696
  3.29
 5.493
 2.722
 4.961
 2.221
 9.182
 3.221
  2.33
 5.542
 2.958
 4.661
  2.27
 2.304
  6.76
 3.221
 1.569
 3.272
 1.337
 7.412
 1.778
 3.272
     0
 2.166
 5.002
 5.593
  5.35
 1.534
 2.296
  2.33
 5.804
 9.923
 2.986
 9.047
 5.804
 3.001
     0
 4.557
     0
 2.986
 2.114
11.831
 4.557
     0
 4.185
 3.171
 3.107
 9.612
     0
     0
     0
     0
     0
 8.313
 3.515
 3.238
 3.308
20.507
     0
 8.427
16.189
 7.412
 9.923
 3.188
     0
     0
 4.922
  4.49
 1.753
 2.532
 3.255
10.253
 3.418
     0
 4.557
  2.27
     0
 8.665
10.427
 2.574
 3.456
 1.738
     0
  3.38
 4.272
  3.38
10.427
 4.769
 3.456
 8.544
  4.49
     0
 2.686
 2.279
 2.375
 3.272
 2.129
 1.965
10.085
  7.69
 9.047
 7.324
 1.978
 7.887
 1.649
 2.553
 1.676
 2.213
 4.557
 7.324
 4.243
     0
     0
     0
 2.501
     0
10.793
     0
 2.511
 5.749
     0
11.607
16.189
12.063
14.307
13.982
14.307
     0
 4.157
     0
 1.392
 2.304
  2.64
 2.321
 3.308
 1.468
 5.542
 2.972
     0
  3.29
 3.076
 5.303
 2.835
 2.237
 2.159
 1.794
 1.472
 1.298
 1.704
 3.076
 2.253
 5.303
 3.076
 1.836
 2.848
 2.245
     0
 2.245
 2.136
 2.237
 2.287
 1.414
     0
 5.396
 2.136
 3.418
 2.461
     0
 2.136
 4.129
 4.129
 2.432
 2.339
     0
 1.451
 2.313
 4.129
 2.451
 2.166
 1.645
